procs -----------memory---------- ---swap-- -----io---- -system-- -------cpu------- -----timestamp-----
 r  b   swpd   free   buff  cache   si   so    bi    bo   in   cs us sy id wa st gu                 BST
 1  0 1937528 79940288  24656 44449224  241 2148 29114  4058 4711    2  2  1 97  0  0  0 2026-09-29 14:21:45
 1  0 1936056 79186596  30568 44801096  251    0 31501  2871 8269 6000  2  1 94  2  0  0 2026-09-29 14:21:55
 0  1 1936040 78685188  50928 45034912    1    0 17109  2426 3122 2850  3  1 94  2  0  0 2026-09-29 14:22:05
 1  0 1935964 77389208  54844 45546044    3    0 47300  3217 3996 2766  4  1 93  1  0  0 2026-09-29 14:22:15
 1  0 1935808 76686764  56684 45758628   22    0 19853  4222 4949 2799  8  2 89  1  0  0 2026-09-29 14:22:25
 0  0 1935616 76239748  56976 45763720   42    0   314  6938 4290 1800  7  1 91  0  0  0 2026-09-29 14:22:35
 0  0 1935592 76362844  56992 45764012    1    0    29  3967 1970 1169  0  0 100  0  0  0 2026-09-29 14:22:45
 0  0 1935564 76439432  57008 45764092    2    0    12  2825 1787 1171  0  0 100  0  0  0 2026-09-29 14:22:55
 0  0 1935348 76536936  57048 45764104   26    0    30   873 1767 1114  0  0 100  0  0  0 2026-09-29 14:23:05
 1  0 1935256 29771708  57108 48327012    6    0  2253    36 5035 4306  1  3 96  0  0  0 2026-09-29 14:23:15
 0  1 1935152 1297352  57116 50080692   17    0 175399   730 14635 19401  7  2 89  1  0  0 2026-09-29 14:23:25
 0  1 1935560 1505380  45000 49833564   19   55 192667    60 15364 20620  8  2 89  1  0  0 2026-09-29 14:23:35
 7  0 1935376 1132784  44952 48142552   35    6 205178    20 16311 21641  8  3 88  2  0  0 2026-09-29 14:23:45
 1  0 1935264 3302620  43184 45568208   24   12 191371   839 16409 21441  8  3 88  1  0  0 2026-09-29 14:23:55
 1  0 1935240 3610040  43192 47584124    4    0 201596    14 15292 20763  8  2 89  1  0  0 2026-09-29 14:24:05
 1  0 1935228 1703012  43192 47393868   23   13 205500    16 16717 22222  8  2 88  1  0  0 2026-09-29 14:24:15
 2  0 1935096 7059304  43200 46156168   29    0 175584   752 15980 20695  7  3 88  1  0  0 2026-09-29 14:24:25
 1  1 1935048 2969900  43252 48177348    5    0 202175     6 15882 21462  8  2 89  1  0  0 2026-09-29 14:24:35
 5  1 1935032 1213644  43220 47925496    5    2 199260    10 16678 22068  8  3 88  1  0  0 2026-09-29 14:24:45
 1  0 1934820 6949820  43224 46120896  122   12 193774    15 16337 21390  7  4 87  1  0  0 2026-09-29 14:24:55
 1  0 1934632 2796940  43232 48257008   57    0 213647   790 16571 21985  8  2 89  1  0  0 2026-09-29 14:25:05
procs -----------memory---------- ---swap-- -----io---- -system-- -------cpu------- -----timestamp-----
 r  b   swpd   free   buff  cache   si   so    bi    bo   in   cs us sy id wa st gu                 BST
 2  0 1934192 1539396  43248 47467320  131    2 220528    13 16634 21831  8  3 88  1  0  0 2026-09-29 14:25:15
 2  0 1934268 8797256  43256 43984772   32   28 336386    31 18010 22963  8  3 88  1  0  0 2026-09-29 14:25:25
 0  1 1933972 4442060  37936 46129724   46    0 364578   805 18585 24055  8  2 88  2  0  0 2026-09-29 14:25:35
 1  0 1933756 3472412  37972 44780452  143   13 369499    23 19323 24896  8  2 88  2  0  0 2026-09-29 14:25:45
 6  0 1933896 6401288  35612 45543456   18   20 352048    26 18446 23724  8  3 87  1  0  0 2026-09-29 14:25:55
 5  0 1977164 3264612  25468 46368780   15 4390 383329  5191 19191 24834  8  2 88  1  0  0 2026-09-29 14:26:05
 1  0 4205668 2562748  22364 47158580   95 208552 336403 209251 19314 23410  8  4 86  1  0  0 2026-09-29 14:26:15
 1  0 4206092 3659168  22420 49962776   55   58 317105    63 17003 21745  7  3 88  2  0  0 2026-09-29 14:26:25
 1  0 4208228 2362320  21984 49240952   24  213 332604   216 17444 22776  8  3 88  2  0  0 2026-09-29 14:26:35
 0  1 4338348 2735292  12672 47525060   46 11218 242837 11228 16041 17880  6  5 87  1  0  0 2026-09-29 14:26:45
 1  0 4338416 3358140  12692 49814988  188   11 397470   795 14988 19549  7  3 89  1  0  0 2026-09-29 14:26:55
 1  0 4426856 3417512   4356 49938672  254 8697 298899  8700 8592 9071  4  3 91  1  0  0 2026-09-29 14:27:05
 1  0 4433000 3995436   4384 48072492   46 1452 129374  1458 7882 8201  5  2 92  0  0  0 2026-09-29 14:27:15
 1  0 4432852 6674588   4024 44201236  108  191 126671   993 7166 7227  5  2 92  0  0  0 2026-09-29 14:27:25
 2  0 4434504 6472208   4072 41618468   86  276 271960   282 7778 8040  5  3 92  0  0  0 2026-09-29 14:27:35
 1  0 4434416 3988920   4460 42863456   37    0 124556     4 6465 6772  5  2 93  0  0  0 2026-09-29 14:27:45
 1  0 4434224 5161116   3992 39042672  673  181 273890   957 7614 8530  5  2 92  0  0  0 2026-09-29 14:27:55
 1  0 4433992 9171188   4012 31672524  116    7 340307    13 7725 7814  4  2 93  1  0  0 2026-09-29 14:28:05
 3  0 4434084 10194948   4068 29222564  126   86 140122   808 10148 12318  5  3 92  0  0  0 2026-09-29 14:28:15
 2  0 4435320 4914232   4004 31816288   66  231 275814   866 6768 6865  5  2 93  0  0  0 2026-09-29 14:28:25
 2  0 4569784 6180216   3836 27682356  387 8226 296048  8630 7627 7244  3  5 91  0  0  0 2026-09-29 14:28:35
procs -----------memory---------- ---swap-- -----io---- -system-- -------cpu------- -----timestamp-----
 r  b   swpd   free   buff  cache   si   so    bi    bo   in   cs us sy id wa st gu                 BST
 2  0 4568528 10161892   3836 21824472  524    3 191235     6 6934 7416  5  2 93  0  0  0 2026-09-29 14:28:45
 1  0 4519504 29988676   3252 22407040 5813 7062 212842  7070 7410 6752  2  6 91  1  0  0 2026-09-29 14:28:55
 0  1 4515048 25530768   4832 23296700 14582    0 103662   838 8650 9245  1  1 94  4  0  0 2026-09-29 14:29:05
 0  1 4513692 20519700   4848 28385768  207    0 509113     8 6312 7086  1  1 95  3  0  0 2026-09-29 14:29:15
 0  1 4512336 14636808   4868 34290488  169    0 590610     3 7203 7970  1  1 94  4  0  0 2026-09-29 14:29:25
 1  0 4511204 8989632   4884 39950844  190    0 566272   828 6973 7238  1  1 95  4  0  0 2026-09-29 14:29:35
 0  1 4509904 3621784   4892 45325004  257    0 537371    45 6259 7262  1  1 95  3  0  0 2026-09-29 14:29:45
 4 11 4492776 1427812   4736 46735692 2057    4 657086     9 9823 12392  2  2 92  4  0  0 2026-09-29 14:29:55
 0  0 4492140 6722316   5264 46433516 35012    0 74666     8 8661 11433  1  1 94  4  0  0 2026-09-29 14:30:05
 0  0 4491764 6689784   5272 46435176   68    0   232   821 2785 2663  0  0 99  0  0  0 2026-09-29 14:30:15
 0  0 4491476 6694116   5280 46436108  100    0   192     3 2627 2721  0  0 99  0  0  0 2026-09-29 14:30:25
 0  0 4491092 6714744   5292 46436656  116    0   168     6 2814 2704  0  0 99  0  0  0 2026-09-29 14:30:35
 0  0 4490656 6725028   5316 46436844  160    0   176   843 2904 2788  0  0 99  0  0  0 2026-09-29 14:30:45
 0  0 4490380 6696628   5516 46446088   75    0   998     2 2830 2807  0  0 99  0  0  0 2026-09-29 14:30:55
 0  0 4490216 6702912   5524 46446624   25    0    75     5 2703 2609  0  0 99  0  0  0 2026-09-29 14:31:05
 1  0 4489644 5209152   5700 46471444 7388    0  9894   774 4438 4654  2  0 96  1  0  0 2026-09-29 14:31:15
 2  0 4486836 2369972   6508 47395140 2355    0 55426    51 4931 4219  6  1 93  1  0  0 2026-09-29 14:31:25
 1  0 4486684 2337960   7444 47412384  155    0   907    28 3452 2402  6  0 93  0  0  0 2026-09-29 14:31:35
 1  0 4486308 2364944   7528 47427240   61    0   100   813 3830 2953  5  1 94  0  0  0 2026-09-29 14:31:45
 1  0 4485800 2307556   7612 47441264   72    0   129 12252 4021 2982  5  0 94  0  0  0 2026-09-29 14:31:55
 0  1 4485228 2251920  11180 47527884 1026    0  8603  1011 4812 3945  5  1 94  1  0  0 2026-09-29 14:32:05
procs -----------memory---------- ---swap-- -----io---- -system-- -------cpu------- -----timestamp-----
 r  b   swpd   free   buff  cache   si   so    bi    bo   in   cs us sy id wa st gu                 BST
 1  0 4483872 3083456  11920 47298728  582    0  2819  2294 4316 3199  4  2 94  0  0  0 2026-09-29 14:32:15
 1  0 4486928 1522724   7716 23071904   59  374  3200  2068 4776 3151  1  6 92  0  0  0 2026-09-29 14:32:25
 2  0 4486852 1519508   8272 22433044   24    1  2818  1663 4236 3153  4  1 95  0  0  0 2026-09-29 14:32:35
 1  0 4486804 1391340   8276 22063320   14    1   427  1874 3739 2955  4  1 95  0  0  0 2026-09-29 14:32:45
 1  0 4486740 1376484   8296 22064172   10    0    90   555 3823 2950  5  0 95  0  0  0 2026-09-29 14:32:55
 1  0 4486688 1609904   8392 21473188    8    0   996  1224 4092 3086  3  1 95  0  0  0 2026-09-29 14:33:05
 2  0 4486640 1558776   8344 20456460    7    0   278   784 4904 2856  8  1 91  0  0  0 2026-09-29 14:33:15
 1  0 4486280 1191612   8952 20488724  108    0  2734    19 5096 3193  8  2 91  0  0  0 2026-09-29 14:33:25
 1  0 4486240 1362424   9368 20167436   27    2   784   115 4224 3105  5  1 94  0  0  0 2026-09-29 14:33:35
 1  0 4485824 3153112  12308 20246952   45    0  7158  1055 3502 3317  1  1 98  0  0  0 2026-09-29 14:33:45
 0  0 4485676 3216940  12316 20247720   18    0    82   896 2782 2712  0  0 99  0  0  0 2026-09-29 14:33:55
 0  0 4485612 3235156  12968 20256512   12    0   937  1685 2896 2826  0  0 99  0  0  0 2026-09-29 14:34:05
 0  0 4485480 3257192  12992 20257288   17    0    83  1932 2730 2632  0  0 99  0  0  0 2026-09-29 14:34:15
 2  0 4485224 3231168  15212 20274272   54    0  1907   825 6034 4859  1  1 98  0  0  0 2026-09-29 14:34:25
 4  0 4485076 2982636  15892 20400464   13    0 11005    16 4887 4639  5  1 94  0  0  0 2026-09-29 14:34:35
 0  0 4484972 3028412  15900 20406560    4    0   429    64 4753 4537  5  1 94  0  0  0 2026-09-29 14:34:45
 2  0 4484900 3029816  15908 20406564    0    0     0   856 4308 4134  3  1 96  0  0  0 2026-09-29 14:34:55
 4  0 4484880 1362000  15916 20407012   12    0    57   296 4264 3914  3  2 95  0  0  0 2026-09-29 14:35:05
 0  0 4484852 1340192  15932 20408212   15    0   135    19 4720 3185  6  2 91  0  0  0 2026-09-29 14:35:15
 0  0 4484564 1327204  15944 20409100   42    0    74     3 3720 3633  2  1 97  0  0  0 2026-09-29 14:35:25
 1  0 4484536 1328964  15964 20409744    4    0    68   744 3933 3762  2  1 97  0  0  0 2026-09-29 14:35:35
procs -----------memory---------- ---swap-- -----io---- -system-- -------cpu------- -----timestamp-----
 r  b   swpd   free   buff  cache   si   so    bi    bo   in   cs us sy id wa st gu                 BST
 2  0 4484520 1309968  15972 20409868    6    0    18    10 3783 3658  2  1 97  0  0  0 2026-09-29 14:35:45
 0  0 4484392 1305524  15980 20410108   16    0    40    56 4064 3854  3  1 96  0  0  0 2026-09-29 14:35:55
 1  0 4484320 1317176  15988 20410192   22    0    30   624 3962 3791  3  1 96  0  0  0 2026-09-29 14:36:05
 0  0 4484296 1328308  15996 20410220    3    0     4     6 4053 3831  3  1 96  0  0  0 2026-09-29 14:36:15
 1  0 4484296 1331576  16004 20410220    2    0     2    14 2990 3109  3  1 97  0  0  0 2026-09-29 14:36:25
 0  0 4484280 1329692  16012 20410356    0    0    14   674 3892 3792  2  1 97  0  0  0 2026-09-29 14:36:35
 1  0 4484080 1305692  16020 20410900   28    0    82     5 4141 3847  4  1 95  0  0  0 2026-09-29 14:36:45
 0  0 4484072 1323304  16028 20411224   10    0    43     3 4003 3713  3  1 96  0  0  0 2026-09-29 14:36:55
 1  0 4484040 1301376  16044 20411276   18    0    23     8 3968 3770  3  1 96  0  0  0 2026-09-29 14:37:05
 0  0 4484016 1292004  16056 20412032    3    0    16   647 4108 3891  3  1 96  0  0  0 2026-09-29 14:37:15
 1  0 4483984 1276700  16068 20412032    7    0     7     8 3993 3701  3  1 97  0  0  0 2026-09-29 14:37:25
 1  1 4483932 1299432  16076 20412032    7    0     7    12 4309 3960  4  1 95  0  0  0 2026-09-29 14:37:35
 0  0 4483740 1313748  16084 20412092   55    0    61   656 3987 3762  3  1 96  0  0  0 2026-09-29 14:37:45
 1  0 4483672 1301144  16100 20412096   12    0    12    67 3909 3600  3  1 96  0  0  0 2026-09-29 14:37:55
 1  0 4483400 1312428  16108 20412096    1    0     1     3 3465 3476  3  1 96  0  0  0 2026-09-29 14:38:05
 1  0 4483384 1314336  16116 20412468    7    0    44   674 3809 3646  2  1 97  0  0  0 2026-09-29 14:38:15
 1  0 4483080 1310968  16156 20412484   74    0    76   423 4540 4049  4  1 95  0  0  0 2026-09-29 14:38:25
 2  0 4483036 1653864  15920 20111664   11    0    22    10 4479 3305  5  2 93  0  0  0 2026-09-29 14:38:35
 1  0 4482940 1581788  15928 20114248   41    0   299     3 4500 3587  5  2 93  0  0  0 2026-09-29 14:38:45
 1  0 4482836 1551428  15936 20114356   16    0    26   644 5096 4213  6  2 93  0  0  0 2026-09-29 14:38:55
 0  0 4482792 1557556  15948 20115164    6    0    78     5 3678 3635  2  1 97  0  0  0 2026-09-29 14:39:05
procs -----------memory---------- ---swap-- -----io---- -system-- -------cpu------- -----timestamp-----
 r  b   swpd   free   buff  cache   si   so    bi    bo   in   cs us sy id wa st gu                 BST
 0  0 4482632 1556548  15956 20116124   50    0   140     4 2851 3061  0  0 99  0  0  0 2026-09-29 14:39:15
 0  0 4482400 1532616  15964 20116140   89    0    90   652 2809 3012  0  0 99  0  0  0 2026-09-29 14:39:25
 1  0 4482360 1519484  16096 20120992   12    0   510     5 3329 3364  1  1 99  0  0  0 2026-09-29 14:39:35
 0  0 4482312 1533000  16104 20121000    6    0    10     5 4467 4227  5  1 94  0  0  0 2026-09-29 14:39:45
 0  0 4482300 1529288  16112 20121072    2    0     6   657 2422 2805  0  0 100  0  0  0 2026-09-29 14:39:55
 0  0 4482208 1538964  16248 20121332   12    0    44     8 2799 3039  0  0 99  0  0  0 2026-09-29 14:40:05
 1  0 4482104 1537668  16256 20121456   22    0    34     3 2763 2992  0  0 99  0  0  0 2026-09-29 14:40:15
 1  0 4482056 1541944  16264 20121460    9    0     9     3 3936 3860  3  1 97  0  0  0 2026-09-29 14:40:25
 1  0 4481964 1528396  16284 20121532   14    0    14   684 5204 4774  5  1 94  0  0  0 2026-09-29 14:40:35
 2  0 4481804 1511064  16292 20121532  106    0   106     2 5331 4768  5  1 94  0  0  0 2026-09-29 14:40:45
 1  0 4481632 1505916  16300 20121624   61    0    70     5 5301 4836  5  2 94  0  0  0 2026-09-29 14:40:55
 1  0 4481624 1499884  16308 20121696    4    0     7   703 5206 4687  5  1 94  0  0  0 2026-09-29 14:41:05
 1  0 4481448 1533676  16324 20121964   38    0    52     7 5574 4804  5  1 94  0  0  0 2026-09-29 14:41:15
 1  0 4481432 1545508  16332 20121964    3    0     8     3 4706 4196  5  1 94  0  0  0 2026-09-29 14:41:25
 1  0 4481428 1543184  16488 20122252    3    0    28   731 4327 3960  5  1 94  0  0  0 2026-09-29 14:41:35
 2  0 4481424 1533856  16504 20122256    1    0     1    12 4245 4066  5  1 94  0  0  0 2026-09-29 14:41:45
 2  0 4481400 1506960  16512 20122256   12    0    12     6 4932 4301  5  1 94  0  0  0 2026-09-29 14:41:55
 1  0 4481396 1523636  16520 20122260    0    0     0     3 4537 4158  5  1 94  0  0  0 2026-09-29 14:42:05
 1  0 4481392 1535540  16528 20122264    1    0     1   651 4718 4201  5  1 94  0  0  0 2026-09-29 14:42:15
 1  0 4481392 1522796  16536 20122400    0    0    14     2 4775 4112  5  1 94  0  0  0 2026-09-29 14:42:25
 1  0 4481392 1525440  16544 20122528    0    0     0     3 4558 4113  5  1 94  0  0  0 2026-09-29 14:42:35
procs -----------memory---------- ---swap-- -----io---- -system-- -------cpu------- -----timestamp-----
 r  b   swpd   free   buff  cache   si   so    bi    bo   in   cs us sy id wa st gu                 BST
 1  0 4481384 1536608  16552 20122576    0    0     3   626 4737 4292  5  1 94  0  0  0 2026-09-29 14:42:45
 1  0 4481380 1493488  16560 20122584    1    0     1     8 4608 4107  5  1 94  0  0  0 2026-09-29 14:42:55
 2  0 4481380 1525496  16568 20122588    0    0     0     5 4185 3773  5  1 94  0  0  0 2026-09-29 14:43:05
 2  0 4481376 1535796  16576 20122628    0    0     4   612 4104 3926  5  1 94  0  0  0 2026-09-29 14:43:15
 2  0 4481364 1541904  16584 20122628    2    0     2     5 4521 4147  5  1 94  0  0  0 2026-09-29 14:43:25
 1  0 4481360 1541908  16608 20122720    1    0    10   548 4890 4179  5  1 94  0  0  0 2026-09-29 14:43:35
 1  0 4481356 1527536  16616 20122724    3    0     3     3 4633 4199  5  1 94  0  0  0 2026-09-29 14:43:45
 1  0 4481348 1544412  16624 20123472    1    0    76   536 4556 4109  5  1 94  0  0  0 2026-09-29 14:43:55
 2  0 4481344 1543608  16632 20123480    0    0     0     4 4831 4174  5  1 94  0  0  0 2026-09-29 14:44:05
 1  0 4481328 1528496  16640 20123524    2    0     6     5 4502 4189  5  1 94  0  0  0 2026-09-29 14:44:15
 1  0 4481328 1543484  16648 20123572    0    0     5   620 4555 4229  5  1 94  0  0  0 2026-09-29 14:44:25
 2  0 4481272 1530836  16656 20123892   28    0    60     4 4785 4251  5  1 94  0  0  0 2026-09-29 14:44:35
 1  0 4481272 1535952  16664 20123896    0    0     0     6 3884 3753  5  1 94  0  0  0 2026-09-29 14:44:45
 2  0 4481272 1554056  16672 20123896    1    0     1   645 4612 4189  5  1 94  0  0  0 2026-09-29 14:44:55
 1  0 4481248 1539128  16680 20123984    3    0    12     4 4346 3562  5  1 94  0  0  0 2026-09-29 14:45:05
 1  0 4481244 1522996  16704 20124000    3    0     4    16 4410 3469  5  1 94  0  0  0 2026-09-29 14:45:15
 1  0 4481216 1533896  16712 20124016    4    0     6     3 4374 3611  5  1 94  0  0  0 2026-09-29 14:45:25
 1  0 4481200 1526444  16720 20124016    4    0     4   688 4131 3504  5  1 94  0  0  0 2026-09-29 14:45:35
 1  0 4481196 1519752  16728 20124072    1    0     6     8 4140 3411  5  1 94  0  0  0 2026-09-29 14:45:45
 2  0 4481184 1516640  16736 20124228    1    0    22     3 4305 3709  5  1 94  0  0  0 2026-09-29 14:45:55
 1  0 4481184 1531048  16744 20124444    0    0    16   610 4585 4143  5  1 94  0  0  0 2026-09-29 14:46:05
procs -----------memory---------- ---swap-- -----io---- -system-- -------cpu------- -----timestamp-----
 r  b   swpd   free   buff  cache   si   so    bi    bo   in   cs us sy id wa st gu                 BST
 2  0 4481184 1539540  16752 20124452    0    0     0     5 4269 3848  5  1 94  0  0  0 2026-09-29 14:46:15
 1  0 4481092 1544608  16760 20124444   14    0    14     7 4133 3839  5  1 94  0  0  0 2026-09-29 14:46:25
 1  0 4481088 1541540  16768 20124444    2    0     2   640 4593 4195  5  1 94  0  0  0 2026-09-29 14:46:35
 2  0 4481084 1543604  16776 20124444    0    0     0     3 4698 4191  5  1 94  0  0  0 2026-09-29 14:46:45
 1  0 4481084 1534520  16784 20124452    1    0     2     6 4541 4048  5  1 94  0  0  0 2026-09-29 14:46:55
 2  0 4481080 1528732  16792 20124452    0    0     0     3 4706 4181  5  1 94  0  0  0 2026-09-29 14:47:05
 1  0 4481016 1520792  16800 20124512    7    0    11   656 4751 4249  5  1 94  0  0  0 2026-09-29 14:47:15
 1  0 4481012 1506948  16808 20124512    0    0     0     7 4761 4243  5  1 94  0  0  0 2026-09-29 14:47:25
 1  0 4480900 1534276  16816 20124580   16    0    23     5 4594 4157  5  1 94  0  0  0 2026-09-29 14:47:35
 1  0 4480804 1549892  16824 20124880   26    0    55   610 4796 4339  5  1 94  0  0  0 2026-09-29 14:47:45
 2  0 4480792 1549860  16832 20124884    2    0     2     5 4194 3792  5  1 94  0  0  0 2026-09-29 14:47:55
 1  0 4480788 1533052  16840 20124880    0    0     0     7 4388 4051  5  1 94  0  0  0 2026-09-29 14:48:05
 2  0 4480788 1537928  16848 20124880    5    0     5   609 4325 3861  5  1 94  0  0  0 2026-09-29 14:48:15
 2  0 4480724 1533408  16856 20124884   10    0    10     3 4524 3813  5  1 94  0  0  0 2026-09-29 14:48:25
 1  0 4480648 1541916  16896 20124884   12    0    12   444 4493 3668  5  1 94  0  0  0 2026-09-29 14:48:35
 1  0 4480436 1532560  16904 20124956   51    0    53     3 4230 3636  5  1 94  0  0  0 2026-09-29 14:48:45
 1  0 4480392 1533644  16920 20124956   11    0    11   581 4297 3557  5  1 94  0  0  0 2026-09-29 14:48:55
 2  0 4480284 1526840  16968 20131756   40    0    40     1 4164 3368  5  1 94  0  0  0 2026-09-29 14:49:05
 1  0 4480184 1493620  16980 20131828   21    0    40    19 4666 4236  5  1 94  0  0  0 2026-09-29 14:49:15
 1  0 4480180 1492888  16988 20131928    1    0    11   691 4813 4315  5  1 94  0  0  0 2026-09-29 14:49:25
 1  0 4480180 1495224  16996 20131928    0    0     0    78 3763 3676  5  1 94  0  0  0 2026-09-29 14:49:35
procs -----------memory---------- ---swap-- -----io---- -system-- -------cpu------- -----timestamp-----
 r  b   swpd   free   buff  cache   si   so    bi    bo   in   cs us sy id wa st gu                 BST
 1  0 4480104 1480812  17012 20131972   15    0    18   607 4781 4196  5  1 94  0  0  0 2026-09-29 14:49:45
 1  0 4480056 1480472  17020 20131972    9    0     9   650 4808 4311  5  1 94  0  0  0 2026-09-29 14:49:55
 1  0 4479980 1491652  17028 20132100   11    0    23     3 4753 4232  5  1 94  0  0  0 2026-09-29 14:50:05
 1  0 4479840 1476320  17044 20132100   38    0    38    17 4768 4289  5  1 94  0  0  0 2026-09-29 14:50:15
 2  0 4479780 1481820  17052 20132168   12    0    19     2 4571 4117  5  1 94  0  0  0 2026-09-29 14:50:25
 3  0 4479780 1492096  17068 20132224    2    0     7   707 4718 4270  5  1 94  0  0  0 2026-09-29 14:50:35
 1  0 4479748 1431368  17100 20135076    8    0     8    38 4495 3677  5  1 93  0  0  0 2026-09-29 14:50:45
 1  0 4479564 1480100  17116 20137856   76    0    76     3 4110 3527  5  1 94  0  0  0 2026-09-29 14:50:55
 4  1 4479560 1461472  17128 20138056    2    0    22   728 4143 3555  5  1 94  0  0  0 2026-09-29 14:51:05
 3  0 4479032 1462604  16992 20025920  154    0   160   290 4392 3952  4  1 94  0  0  0 2026-09-29 14:51:15
 2  0 4478948 1521932  14680 19797504   22    1   472   297 3587 2492  5  2 93  0  0  0 2026-09-29 14:51:25
 2  0 4478680 1521056  14688 19797508   73    0    73     9 3615 2546  6  2 93  0  0  0 2026-09-29 14:51:35
 1  0 4478584 1507936  14696 19797508   19    0    19   778 4171 3509  5  1 94  0  0  0 2026-09-29 14:51:45
 1  0 4478512 1496480  14744 19801540   42    0   443    15 4982 4310  5  2 94  0  0  0 2026-09-29 14:51:55
 1  0 4478396 1486544  14752 19801544   27    0    27     1 4686 4322  5  1 94  0  0  0 2026-09-29 14:52:05
 1  0 4478352 1483588  14768 19801536    7    0     7   612 4598 4165  5  1 94  0  0  0 2026-09-29 14:52:15
 0  0 4478328 1476648  14776 19801740    4    0    24     7 4814 4315  5  1 94  0  0  0 2026-09-29 14:52:25
 1  0 4478328 1473048  14784 19801740    0    0     0     3 4586 4207  5  1 94  0  0  0 2026-09-29 14:52:35
 1  0 4478328 1479748  14792 19801740    0    0     0   698 3796 3690  5  1 94  0  0  0 2026-09-29 14:52:45
 1  0 4478328 1481264  14800 19801948    0    0    20     3 4753 4196  5  1 94  0  0  0 2026-09-29 14:52:55
 1  0 4478328 1466988  14808 19801948    0    0     0     6 4816 4347  5  1 94  0  0  0 2026-09-29 14:53:05
procs -----------memory---------- ---swap-- -----io---- -system-- -------cpu------- -----timestamp-----
 r  b   swpd   free   buff  cache   si   so    bi    bo   in   cs us sy id wa st gu                 BST
 1  0 4478324 1474796  14816 19801948    1    0     1     4 4751 4351  5  1 94  0  0  0 2026-09-29 14:53:15
 1  0 4478324 1464792  14832 19802012    0    0     0   708 4628 4128  5  1 94  0  0  0 2026-09-29 14:53:25
 1  0 4478324 1464104  14864 19802016    0    0     0   446 4601 4087  5  1 94  0  0  0 2026-09-29 14:53:35
 1  0 4478296 1471516  14872 19802016    3    0     3     3 4581 4259  5  1 94  0  0  0 2026-09-29 14:53:45
 1  0 4478296 1451108  14880 19802016    0    0     0   583 4776 4294  5  1 94  0  0  0 2026-09-29 14:53:55
 1  0 4478280 1442160  14888 19802016    1    0     1     5 4739 4124  5  2 94  0  0  0 2026-09-29 14:54:05
 1  0 4478212 1462244  15032 19803436   18    0   174     7 4663 4261  5  1 94  0  0  0 2026-09-29 14:54:15
 1  0 4478212 1465036  15040 19803444    0    0     0   648 3733 3681  5  1 94  0  0  0 2026-09-29 14:54:25
 1  0 4478212 1467644  15048 19803508    0    0     7     6 4557 4267  5  1 94  0  0  0 2026-09-29 14:54:35
 1  0 4478204 1484952  15056 19803604    0    0    10     8 4649 4185  5  1 94  0  0  0 2026-09-29 14:54:45
 1  0 4478204 1479400  15064 19803740    0    0     1     3 4716 4266  5  1 94  0  0  0 2026-09-29 14:54:55
 3  0 4478200 1458220  15072 19803748    1    0     1   673 4740 4288  5  1 94  0  0  0 2026-09-29 14:55:05
 1  0 4478196 1460628  15080 19803756    1    0     1     6 4666 4171  5  1 94  0  0  0 2026-09-29 14:55:15
 1  0 4478192 1531004  15036 19800072    0    0    40     5 4814 4245  5  1 94  0  0  0 2026-09-29 14:55:25
 1  0 4478188 1514936  15044 19800072    1    0     1   716 4719 4261  5  1 94  0  0  0 2026-09-29 14:55:35
 1  0 4478188 1511256  15052 19800136    0    0     0     6 4693 4134  5  1 94  0  0  0 2026-09-29 14:55:45
 3  0 4478152 1482520  15060 19800140    7    0     7     8 4468 4076  5  1 94  0  0  0 2026-09-29 14:55:55
 2  0 4478128 1489692  15068 19800140    6    0     6   633 3737 3266  6  1 93  0  0  0 2026-09-29 14:56:05
 2  0 4478060 1479304  15076 19800140    6    0     6     5 4636 3304  7  2 92  0  0  0 2026-09-29 14:56:15
 1  0 4478060 1488228  15084 19800244    0    0    11     6 4754 3401  7  1 92  0  0  0 2026-09-29 14:56:25
 1  0 4478052 1488248  15092 19802328    4    0     7     5 4412 3500  6  1 93  0  0  0 2026-09-29 14:56:35
procs -----------memory---------- ---swap-- -----io---- -system-- -------cpu------- -----timestamp-----
 r  b   swpd   free   buff  cache   si   so    bi    bo   in   cs us sy id wa st gu                 BST
 1  0 4478040 1466432  15100 19802332    0    0     0   638 4745 3789  6  1 92  0  0  0 2026-09-29 14:56:45
 1  0 4478036 1461952  15108 19802332    0    0     0     8 4288 3616  5  1 94  0  0  0 2026-09-29 14:56:55
 1  0 4478032 1471576  15116 19802332    0    0     0     3 4205 3594  5  1 94  0  0  0 2026-09-29 14:57:05
 1  0 4478024 1484892  15124 19802332    3    0     3   677 4342 3726  5  1 94  0  0  0 2026-09-29 14:57:15
 1  0 4477968 1483728  15132 19802348   10    0    11     5 4480 3816  5  1 94  0  0  0 2026-09-29 14:57:25
 1  0 4477968 1489236  15140 19802352    0    0     0     7 3478 3185  5  1 94  0  0  0 2026-09-29 14:57:35
 1  0 4477960 1473192  15148 19802392    1    0     4   617 4415 3860  5  1 94  0  0  0 2026-09-29 14:57:45
 1  0 4477960 1478548  15156 19802392    3    0     3     5 4574 3913  5  1 94  0  0  0 2026-09-29 14:57:55
 1  0 4477956 1472508  15172 19802392    2    0     2     9 4510 3944  5  1 94  0  0  0 2026-09-29 14:58:05
 1  0 4477852 1467368  15180 19802392   13    0    13     3 4361 3776  5  1 94  0  0  0 2026-09-29 14:58:15
 0  0 4477852 1460400  15188 19802396    2    0     2   610 4389 3672  5  1 94  0  0  0 2026-09-29 14:58:25
 1  0 4477848 1454844  15236 19802400    0    0     0   492 4456 3872  5  1 94  0  0  0 2026-09-29 14:58:35
 1  0 4477748 1476652  15244 19802528   13    0    13     3 4377 3774  5  1 94  0  0  0 2026-09-29 14:58:45
 2  0 4477740 1478872  15252 19802740    2    0    23   549 4746 3758  5  1 94  0  0  0 2026-09-29 14:58:55
 1  0 4477740 1480352  15260 19802744    0    0     0     6 3458 3189  5  1 94  0  0  0 2026-09-29 14:59:05
 1  0 4477700 1476728  15268 19802804    4    0    10     6 4309 3704  5  1 94  0  0  0 2026-09-29 14:59:15
 1  0 4477556 1456796  15276 19802804   24    0    24   600 4472 3869  5  1 94  0  0  0 2026-09-29 14:59:25
 1  0 4477472 1463412  15292 19802804   13    0    13     8 4727 3759  5  1 94  0  0  0 2026-09-29 14:59:35
 1  0 4477468 1451708  15300 19802804    2    0     2    12 4550 3850  5  1 94  0  0  0 2026-09-29 14:59:45
 1  0 4477456 1451604  15308 19802836    5    0     8     3 4497 3870  5  1 94  0  0  0 2026-09-29 14:59:55
 1  0 4476828 1366884  16956 19947516  182    0 11158   725 6686 6049  5  2 92  0  0  0 2026-09-29 15:00:05
procs -----------memory---------- ---swap-- -----io---- -system-- -------cpu------- -----timestamp-----
 r  b   swpd   free   buff  cache   si   so    bi    bo   in   cs us sy id wa st gu                 BST
 1  0 4476700 1279808  16964 19947580   46    0    52     3 4548 4016  5  1 94  0  0  0 2026-09-29 15:00:15
 2  0 4476672 1253716  16972 19947588    4    0     4    39 4504 3819  5  1 94  0  0  0 2026-09-29 15:00:25
 2  0 4476672 1249572  16984 19947596    0    0     0   797 4163 3648  5  1 94  0  0  0 2026-09-29 15:00:35
 1  0 4476672 1283972  16992 19947656    0    0     0     8 3711 3344  5  1 94  0  0  0 2026-09-29 15:00:45
 1  0 4476560 1261164  17000 19947656   19    0    19     5 4638 3956  5  1 94  0  0  0 2026-09-29 15:00:55
 2  0 4476468 1280376  17008 19947656   55    0    55    10 4464 3831  5  1 94  0  0  0 2026-09-29 15:01:05
 1  0 4476440 1268960  17016 19947656    5    0     5   687 4409 3841  5  1 94  0  0  0 2026-09-29 15:01:15
 1  0 4476388 1270320  17024 19948040   22    0    60     3 4533 4005  5  1 94  0  0  0 2026-09-29 15:01:25
 1  0 4476376 1275428  17032 19948176    6    0     6     4 4507 3973  5  1 94  0  0  0 2026-09-29 15:01:35
 1  0 4476272 1268480  17040 19948176   47    0    47   664 4603 3980  5  1 94  0  0  0 2026-09-29 15:01:45
 1  0 4476240 1255504  17048 19948176    5    0     5     6 4522 3967  5  1 94  0  0  0 2026-09-29 15:01:55
 2  0 4476240 1261632  17056 19948188    0    0     2     5 4526 3900  5  1 94  0  0  0 2026-09-29 15:02:05
 3  0 4476240 1270644  17064 19948324    0    0     0   633 3568 3311  5  1 94  0  0  0 2026-09-29 15:02:15
 1  0 4476088 1278680  17072 19948328   32    0    32     3 4306 3767  5  1 94  0  0  0 2026-09-29 15:02:25
 2  0 4476032 1277116  17080 19948328    9    0     9     5 4457 3835  5  1 94  0  0  0 2026-09-29 15:02:35
 1  0 4476008 1272752  17088 19948328    3    0     3     7 4426 3699  5  1 94  0  0  0 2026-09-29 15:02:45
 1  0 4475904 1265772  17096 19948452   24    0    27   635 4357 3735  5  1 94  0  0  0 2026-09-29 15:02:55
 1  0 4475872 1259264  17104 19948464   11    0    11     2 4465 3694  5  1 94  0  0  0 2026-09-29 15:03:05
 1  0 4475756 1271096  17112 19948556   64    0    73     5 4372 3728  5  1 94  0  0  0 2026-09-29 15:03:15
 1  0 4475612 1280456  17120 19948588   50    0    50   604 4388 3742  5  1 94  0  0  0 2026-09-29 15:03:25
 2  0 4475528 1257768  17168 19948592   18    0    18   452 4344 3705  5  1 94  0  0  0 2026-09-29 15:03:35
procs -----------memory---------- ---swap-- -----io---- -system-- -------cpu------- -----timestamp-----
 r  b   swpd   free   buff  cache   si   so    bi    bo   in   cs us sy id wa st gu                 BST
 1  0 4475528 1281992  17176 19948592    0    0     0     3 3059 3008  5  1 94  0  0  0 2026-09-29 15:03:45
 2  0 4475452 1295560  17184 19948592   16    0    16   594 4665 3873  6  1 94  0  0  0 2026-09-29 15:03:55
 1  0 4475348 1273428  17192 19948604   47    0    47     5 4468 3937  5  1 94  0  0  0 2026-09-29 15:04:05
 2  0 4474988 1501724  20324 19738404    9    0 22629    41 7266 5031  6  2 91  0  0  0 2026-09-29 15:04:15
 2  0 4474868 3195532  17960 18058552   38    1 16007 12231 6525 4497 10  3 87  0  0  0 2026-09-29 15:04:25
 3  0 4474784 3166520  18256 18068808   14    0  1063   746 12581 9608  7  3 90  0  0  0 2026-09-29 15:04:35
 1  0 4474684 3135952  18264 18069604   41    0    96     2 10286 7770  5  4 90  0  0  0 2026-09-29 15:04:45
 2  0 4474668 3121184  18272 18069740    1    0    15 12210 13842 10891  6  4 90  0  0  0 2026-09-29 15:04:55
 1  0 4474600 3123588  18292 18070156   21    0    62   690 10285 7918  6  4 90  0  0  0 2026-09-29 15:05:05
 2  0 4474600 3150700  18300 18070156    0    0     0     4 13986 9814  6  3 91  0  0  0 2026-09-29 15:05:15
 1  0 4474476 3120768  20612 18079996   12    0  1212     6 9636 7288  6  4 90  0  0  0 2026-09-29 15:05:25
 2  0 4474476 3157364  20620 18079776    0    0    24   398 4655 3851  5  2 93  0  0  0 2026-09-29 15:05:35
 1  0 4474472 3153060  20640 18079776    0    0     1   247 4469 3830  5  1 94  0  0  0 2026-09-29 15:05:45
 1  0 4474472 3159180  20648 18079776    0    0     0     3 4268 3572  5  1 94  0  0  0 2026-09-29 15:05:55
 1  0 4474468 3156332  20656 18079780    4    0     4     1 4459 3836  5  1 94  0  0  0 2026-09-29 15:06:05
 1  0 4474468 3142816  20672 18079784    1    0     1   643 4267 3755  5  1 94  0  0  0 2026-09-29 15:06:15
 1  0 4474468 3142296  20680 18079988    3    0    22     2 4170 3535  5  1 94  0  0  0 2026-09-29 15:06:25
 0  0 4474468 3168296  20688 18080088    0    0    10     6 4588 3875  5  1 94  0  0  0 2026-09-29 15:06:35
 1  0 4474468 3172936  20696 18080088    0    0     0   659 3557 3250  5  1 94  0  0  0 2026-09-29 15:06:45
 1  0 4474468 3171032  20704 18080632    0    0    55     4 4554 3839  5  1 94  0  0  0 2026-09-29 15:06:55
 1  0 4474468 3166520  20712 18080836    0    0    21     3 4548 3814  5  1 94  0  0  0 2026-09-29 15:07:05
procs -----------memory---------- ---swap-- -----io---- -system-- -------cpu------- -----timestamp-----
 r  b   swpd   free   buff  cache   si   so    bi    bo   in   cs us sy id wa st gu                 BST
 1  0 4474468 3182792  20720 18080900    0    0     6     3 4273 3610  5  1 94  0  0  0 2026-09-29 15:07:15
 1  0 4474464 3177624  20728 18080996    2    0    12   591 4331 3633  5  1 94  0  0  0 2026-09-29 15:07:25
 2  0 4474448 3174524  20736 18081100    0    0    10     4 4511 3717  6  1 94  0  0  0 2026-09-29 15:07:35
 2  0 4474448 3157320  20744 18081152    3    0     8     4 4285 3619  5  1 94  0  0  0 2026-09-29 15:07:45
 1  0 4474436 3159612  20752 18081248    2    0    11   659 4454 3699  5  1 94  0  0  0 2026-09-29 15:07:55
 1  0 4474436 3163176  20760 18081376    0    0    13     4 4351 3583  5  1 94  0  0  0 2026-09-29 15:08:05
 3  0 4474436 3168144  20768 18081376    0    0     0     3 3668 3219  5  1 94  0  0  0 2026-09-29 15:08:15
 2  0 4474432 3183364  20776 18081684    1    0    32   660 4400 3923  5  1 94  0  0  0 2026-09-29 15:08:25
 2  0 4474432 3161388  20800 18081668    1    0     1   409 4436 3849  5  1 94  0  0  0 2026-09-29 15:08:35
 1  0 4474432 3157404  20824 18081720    0    0     3    10 4442 3589  5  1 94  0  0  0 2026-09-29 15:08:45
 1  0 4474432 3173316  20832 18081784    3    0     3     3 4450 3711  5  1 94  0  0  0 2026-09-29 15:08:55
 1  0 4474372 3172088  20840 18081784   11    0    11   595 4537 3687  5  1 94  0  0  0 2026-09-29 15:09:05
 1  0 4474316 3155752  20848 18081784   31    0    31     3 4346 3703  6  1 93  0  0  0 2026-09-29 15:09:15
 1  0 4474300 3153780  20856 18081788    7    0     7     3 4264 3679  5  1 94  0  0  0 2026-09-29 15:09:25
 1  0 4474292 3180744  20864 18081788    1    0     1   666 4018 3647  5  1 94  0  0  0 2026-09-29 15:09:35
 3  0 4474288 3166292  20872 18081920    6    0    18     6 4330 3585  5  1 94  0  0  0 2026-09-29 15:09:45
 1  0 4474280 3175780  20880 18081916    2    0     2     5 3627 3209  5  1 94  0  0  0 2026-09-29 15:09:55
 1  0 4474280 3176196  21012 18082184    2    0    35   659 4511 3718  5  1 94  0  0  0 2026-09-29 15:10:05
 1  0 4474280 3186264  21020 18082248    2    0     2     8 4352 3654  5  1 94  0  0  0 2026-09-29 15:10:15
 1  0 4474276 3184148  21028 18082432    0    0    18     3 4393 3662  5  1 94  0  0  0 2026-09-29 15:10:25
 1  0 4474276 3171864  21036 18082620    2    0    20     4 4273 3505  5  1 94  0  0  0 2026-09-29 15:10:35
procs -----------memory---------- ---swap-- -----io---- -system-- -------cpu------- -----timestamp-----
 r  b   swpd   free   buff  cache   si   so    bi    bo   in   cs us sy id wa st gu                 BST
 2  0 4474276 3173804  21052 18082620    0    0     0   645 4245 3548  5  1 94  0  0  0 2026-09-29 15:10:45
 1  0 4474276 3199516  21060 18082708    1    0    10     2 4421 3630  5  1 94  0  0  0 2026-09-29 15:10:55
 1  0 4474216 3177120  21068 18082712    8    0     8     5 4182 3576  5  1 94  0  0  0 2026-09-29 15:11:05
 1  0 4474172 3180264  21076 18083024   10    0    42   636 4194 3559  5  1 94  0  0  0 2026-09-29 15:11:15
 1  0 4474172 3181108  21084 18083032    0    0     0     4 3443 3083  5  1 94  0  0  0 2026-09-29 15:11:25
 1  0 4474108 3171528  21092 18083092   17    0    23     3 4172 3562  5  1 94  0  0  0 2026-09-29 15:11:35
 1  0 4474044 3163928  21100 18083092   17    0    17   597 4510 3814  5  1 94  0  0  0 2026-09-29 15:11:45
 1  0 4474044 3167004  21108 18083096    0    0     0     6 4372 3900  5  1 94  0  0  0 2026-09-29 15:11:55
 1  0 4474008 3156612  21116 18083096    5    0     5     5 4461 3801  6  1 94  0  0  0 2026-09-29 15:12:05
 2  0 4473972 3156516  21124 18083096    7    0     7     2 4525 3748  6  1 94  0  0  0 2026-09-29 15:12:15
 1  0 4473948 3157424  21140 18083096    3    0     3   624 4494 3817  5  1 94  0  0  0 2026-09-29 15:12:25
 1  0 4473940 3159932  21148 18083184    2    0    10     2 4458 3757  5  1 94  0  0  0 2026-09-29 15:12:35
 1  0 4473916 3165416  21156 18083192    6    0     6     3 4510 3758  5  1 94  0  0  0 2026-09-29 15:12:45
 3  0 4473916 3167960  21164 18083320    0    0     0   694 3718 3301  5  1 94  0  0  0 2026-09-29 15:12:55
 2  0 4473776 3154432  21172 18083320   60    0    60     7 4226 3520  5  1 94  0  0  0 2026-09-29 15:13:05
 1  0 4473724 3154408  21180 18083320   10    0    10     5 4455 3702  5  1 94  0  0  0 2026-09-29 15:13:15
 1  0 4473692 3152632  21188 18083320   23    0    23     3 4308 3614  5  1 94  0  0  0 2026-09-29 15:13:25
 2  0 4473668 3172268  21204 18083316    4    0     4   699 4528 3719  5  1 94  0  0  0 2026-09-29 15:13:35
 1  0 4473596 3193560  21244 18083372   22    0    27   452 4464 3752  5  1 94  0  0  0 2026-09-29 15:13:45
 1  0 4473408 3181928  21260 18083484   66    0    77     7 4452 3711  5  1 94  0  0  0 2026-09-29 15:13:55
 2  0 4473340 3176596  21268 18083484   12    0    12   582 4385 3679  5  1 94  0  0  0 2026-09-29 15:14:05
procs -----------memory---------- ---swap-- -----io---- -system-- -------cpu------- -----timestamp-----
 r  b   swpd   free   buff  cache   si   so    bi    bo   in   cs us sy id wa st gu                 BST
 1  0 4473304 3174188  21276 18083528    4    0     8    10 4173 3583  5  1 94  0  0  0 2026-09-29 15:14:15
 2  0 4473304 3180192  21284 18083528    0    0     0     5 3998 3447  5  1 94  0  0  0 2026-09-29 15:14:25
 1  0 4473276 3166012  21292 18083528    6    0     6   634 3989 3531  5  1 94  0  0  0 2026-09-29 15:14:35
 1  0 4473212 3175128  21300 18083528   26    0    26     4 4367 3673  6  1 94  0  0  0 2026-09-29 15:14:45
 1  0 4473076 3169936  21308 18083540   68    0    68     6 4510 3796  5  1 94  0  0  0 2026-09-29 15:14:55
 1  0 4473036 3163792  21316 18083752    6    0    26     3 4565 3688  5  1 94  0  0  0 2026-09-29 15:15:05
 1  0 4473032 3177604  21332 18083764    1    0     2   728 4536 3641  5  1 94  0  0  0 2026-09-29 15:15:15
 1  0 4472956 3167996  21340 18083764   15    0    15     6 4210 3596  5  1 94  0  0  0 2026-09-29 15:15:25
 1  0 4472824 3160520  21356 18084256   37    0    86     6 4193 3702  5  1 94  0  0  0 2026-09-29 15:15:35
 1  0 4472736 3154500  21364 18084260   18    0    18   682 4492 3715  5  1 94  0  0  0 2026-09-29 15:15:45
 1  0 4472640 3159304  21372 18084256   35    0    35     4 4424 3723  5  1 94  0  0  0 2026-09-29 15:15:55
 2  0 4472640 3169236  21436 18084328    0    0    11    13 3530 3074  5  1 94  0  0  0 2026-09-29 15:16:05
 1  0 4472608 3156468  21444 18084332    6    0     6   635 4426 3705  5  1 94  0  0  0 2026-09-29 15:16:15
 1  0 4472532 3160292  21452 18084332   16    0    16     6 4380 3630  5  1 94  0  0  0 2026-09-29 15:16:25
 1  0 4472468 3171904  21460 18084340   12    0    12    12 4566 3885  5  1 94  0  0  0 2026-09-29 15:16:35
 1  0 4472408 3157144  21468 18084344    5    0     5     3 4462 3831  5  1 94  0  0  0 2026-09-29 15:16:45
 1  0 4472392 3171328  21476 18084344    2    0     2   717 4418 3604  5  1 94  0  0  0 2026-09-29 15:16:55
 1  0 4472392 3170516  21488 18084732    0    0    39     8 4445 3685  5  1 94  0  0  0 2026-09-29 15:17:05
 1  0 4472388 3161388  21496 18084732    0    0     0     4 4234 3530  5  1 94  0  0  0 2026-09-29 15:17:15
 2  0 4472388 3166236  21504 18084736    3    0     3   666 4353 3751  5  1 94  0  0  0 2026-09-29 15:17:25
 2  0 4472388 3160892  21512 18084736    0    0     0     3 3581 3195  5  1 94  0  0  0 2026-09-29 15:17:35
procs -----------memory---------- ---swap-- -----io---- -system-- -------cpu------- -----timestamp-----
 r  b   swpd   free   buff  cache   si   so    bi    bo   in   cs us sy id wa st gu                 BST
 1  0 4472384 3157408  21520 18084844    1    0    12     6 4397 3632  5  1 94  0  0  0 2026-09-29 15:17:45
 0  0 4472372 3151656  21528 18084844    4    0     4   642 4612 4036  5  1 94  0  0  0 2026-09-29 15:17:55
 2  0 4472360 3181692  21536 18084848    9    0     9     4 5146 3428  6  2 92  0  0  0 2026-09-29 15:18:05
 2  0 4472360 3174324  21552 18084840    2    0     2     8 4429 2537  7  3 90  0  0  0 2026-09-29 15:18:15
 2  0 4472356 3183668  21560 18084848    0    0     0     2 4426 2571  7  3 90  0  0  0 2026-09-29 15:18:25
 2  0 4472352 3195720  21576 18084964    0    0    12   706 4298 2500  7  3 90  0  0  0 2026-09-29 15:18:35
 2  0 4472352 3167496  21600 18084972    6    0     6   418 4415 2494  7  3 90  0  0  0 2026-09-29 15:18:45
 2  0 4472328 3171616  21608 18084972   10    0    10     6 4445 2517  7  3 90  0  0  0 2026-09-29 15:18:55
 2  0 4472328 3193996  21616 18085048    0    0     8   598 4346 2464  7  3 90  0  0  0 2026-09-29 15:19:05
 2  0 4472324 3186000  21624 18085052    0    0     0     4 3621 1983  7  3 90  0  0  0 2026-09-29 15:19:15
 2  0 4472312 3186856  21632 18085220    3    0    19     7 4413 2526  7  3 90  0  0  0 2026-09-29 15:19:25
 2  0 4472312 3190584  21640 18085344    0    0    12     3 4353 2442  7  3 90  0  0  0 2026-09-29 15:19:35
 0  0 4472304 3176940  21648 18085348   11    0    11   652 5018 3331  4  2 93  0  0  0 2026-09-29 15:19:45
 0  0 4472280 3181088  21664 18085348    3    0     3    11 2377 2402  0  0 100  0  0  0 2026-09-29 15:19:55
 0  0 4472280 3181456  21672 18085356    0    0     0    10 2223 2363  0  0 100  0  0  0 2026-09-29 15:20:05
 0  0 4472220 3193276  21688 18085412    8    0     8   797 2249 2380  0  0 100  0  0  0 2026-09-29 15:20:15
 0  0 4472216 3181028  21696 18085424    1    0     1     1 2232 2319  0  0 100  0  0  0 2026-09-29 15:20:25
 0  0 4472212 3174552  21708 18085432    1    0     1     5 2223 2372  0  0 100  0  0  0 2026-09-29 15:20:35
 0  0 4472208 3166380  21716 18085516    3    0    12   700 2104 2350  0  0 100  0  0  0 2026-09-29 15:20:45
 1  0 4472208 3168740  21724 18085520    6    0     6     5 1605 1976  0  0 100  0  0  0 2026-09-29 15:20:55
 0  0 4472192 3172748  21732 18085516    3    0     3     5 2136 2305  0  0 100  0  0  0 2026-09-29 15:21:05
procs -----------memory---------- ---swap-- -----io---- -system-- -------cpu------- -----timestamp-----
 r  b   swpd   free   buff  cache   si   so    bi    bo   in   cs us sy id wa st gu                 BST
 0  0 4472184 3171040  21740 18085768    4    0    29   688 2218 2383  0  0 100  0  0  0 2026-09-29 15:21:15
 0  0 4472184 3175388  21748 18085772    0    0     0     7 2161 2304  0  0 100  0  0  0 2026-09-29 15:21:25
 0  0 4472184 3178440  21756 18085976    0    0    21     3 2217 2344  0  0 100  0  0  0 2026-09-29 15:21:35
 0  0 4472164 3185920  21772 18086096    2    0     2     4 2226 2299  0  0 100  0  0  0 2026-09-29 15:21:45
 0  0 4472156 3192156  21780 18086248    6    0    20   641 2297 2362  0  0 100  0  0  0 2026-09-29 15:21:55
 0  0 4472156 3186856  21788 18086256    3    0     3     2 2333 2385  0  0 100  0  0  0 2026-09-29 15:22:05
 0  0 4472084 3180476  21796 18086256   11    0    11     5 2174 2344  0  0 100  0  0  0 2026-09-29 15:22:15
 0  0 4472056 3189056  21804 18086256    4    0     4   672 2218 2378  0  0 100  0  0  0 2026-09-29 15:22:25
 0  0 4472052 3178444  21812 18086256    1    0     1    13 2186 2307  0  0 100  0  0  0 2026-09-29 15:22:35
 0  0 4472000 3177532  21820 18086260   13    0    13     3 2283 2373  0  0 100  0  0  0 2026-09-29 15:22:45
 1  0 4472000 3185568  21828 18086260    0    0     0   643 1588 1980  0  0 100  0  0  0 2026-09-29 15:22:55
 1  0 4471916 3171656  21836 18086260   21    0    21     4 2068 2247  0  0 100  0  0  0 2026-09-29 15:23:05
 1  0 4471860 3181940  21844 18086388   10    0    10     8 2347 2410  0  0 99  0  0  0 2026-09-29 15:23:15
 1  0 4471856 3177624  21852 18086388    4    0     4     3 4615 3577  6  2 93  0  0  0 2026-09-29 15:23:25
 2  0 4471828 3189712  21860 18086396    3    0     4   672 4652 4167  5  1 94  0  0  0 2026-09-29 15:23:35
 1  0 4471828 3180708  21892 18086396    1    0     1   556 4744 4161  5  1 94  0  0  0 2026-09-29 15:23:45
 0  0 4471784 3163552  21916 18086396   14    0    14     6 4362 3774  5  1 94  0  0  0 2026-09-29 15:23:55
 1  0 4471720 3164068  21924 18086396   19    0    19   466 4463 3950  5  1 94  0  0  0 2026-09-29 15:24:05
 1  0 4471656 3151964  21932 18086396   19    0    19     8 4863 4307  5  1 94  0  0  0 2026-09-29 15:24:15
 1  0 4471596 3158704  21940 18086460   23    0    23     5 4626 4146  5  1 94  0  0  0 2026-09-29 15:24:25
 1  0 4471596 3161104  21948 18086464    0    0     0   663 3749 3483  5  1 94  0  0  0 2026-09-29 15:24:35
procs -----------memory---------- ---swap-- -----io---- -system-- -------cpu------- -----timestamp-----
 r  b   swpd   free   buff  cache   si   so    bi    bo   in   cs us sy id wa st gu                 BST
 1  0 4471532 3144828  21956 18086464   19    0    19     5 4549 3967  5  1 94  0  0  0 2026-09-29 15:24:45
 0  0 4471468 3151652  21964 18086464   20    0    20     7 3830 3650  4  1 95  0  0  0 2026-09-29 15:24:55
 0  0 4471468 3155880  21972 18086468    0    0     0     4 2226 2347  0  0 100  0  0  0 2026-09-29 15:25:05
 0  0 4471448 3151432  21988 18086596    5    0    17   674 2245 2336  0  0 100  0  0  0 2026-09-29 15:25:15
 0  0 4471332 3151992  21996 18086600   29    0    29    13 2382 2443  0  0 100  0  0  0 2026-09-29 15:25:25
 3  0 4471252 3159428  22004 18086600   10    0    10     2 4026 3778  4  1 95  0  0  0 2026-09-29 15:25:35
 0  0 4471228 3150656  22020 18086612   12    0    14   660 2770 2717  1  0 99  0  0  0 2026-09-29 15:25:45
 0  0 4471224 3175356  22028 18086624    3    0     3     2 2282 2360  0  0 100  0  0  0 2026-09-29 15:25:55
 0  0 4471208 3146348  22036 18086624    5    0     5     8 2238 2350  0  0 100  0  0  0 2026-09-29 15:26:05
 2  0 4471124 3146972  22044 18086632   12    0    12   646 2972 2918  2  1 98  0  0  0 2026-09-29 15:26:15
 1  0 4471116 3154312  22052 18086624    3    0     3     5 3096 3073  3  1 96  0  0  0 2026-09-29 15:26:25
 0  0 4471028 3182256  22060 18086624   36    0    36     6 2305 2350  0  0 100  0  0  0 2026-09-29 15:26:35
 0  0 4471016 3176116  22068 18086628    7    0     7   734 2232 2334  0  0 100  0  0  0 2026-09-29 15:26:45
 1  0 4470860 3176032  22076 18086628   58    0    58     5 2310 2421  0  0 100  0  0  0 2026-09-29 15:26:55
 0  0 4470728 3159260  22084 18086628   44    0    44     3 2160 2342  0  0 100  0  0  0 2026-09-29 15:27:05
 0  0 4470672 3179476  22092 18086756   50    0    50     8 2232 2375  0  0 100  0  0  0 2026-09-29 15:27:15
 3  0 1932632 80829136  22260 15600096  299    0  2559   735 5408 4375  0  2 98  0  0  0 2026-09-29 15:27:25
