procs -----------memory---------- ---swap-- -----io---- -system-- -------cpu------- -----timestamp-----
 r  b   swpd   free   buff  cache   si   so    bi    bo   in   cs us sy id wa st gu                 BST
 1  0 4028160 81047088  37480 42363168  491 1821 38514  2888 7420    4  4  2 93  0  0  0 2026-09-29 14:21:45
 0  0 4028004 81052880  37504 42366484   17    0   328    76 3402 2694  1  0 99  0  0  0 2026-09-29 14:21:55
 1  0 4027424 81070556  37648 42369220   76    0   362    42 2511 2259  0  0 99  0  0  0 2026-09-29 14:22:05
 0  1 4026888 80818372  42724 42481260  114    0 11700   487 4191 3817  1  1 99  0  0  0 2026-09-29 14:22:15
 1  0 4026664 80140856  56924 42778944   78    0 22454  3308 5650 5348  4  1 93  2  0  0 2026-09-29 14:22:25
 1  0 4025248 79224120  66460 42990224  704    0 17538  2446 5907 5121  4  1 93  2  0  0 2026-09-29 14:22:35
 1  0 4021572 78963884  69836 43634484   72    0 60714  1779 6676 5338  6  2 91  2  0  0 2026-09-29 14:22:45
 1  0 4020940 77957356  70324 43646220  140    0   698  4206 5696 3171  9  2 89  0  0  0 2026-09-29 14:22:55
 2  0 4020184 75834972  70404 43647324  227    0   318  6963 5912 3149 11  1 88  0  0  0 2026-09-29 14:23:05
 2  0 4019812 40314468  70592 46217852   11    0  2696  4064 8676 6425  9  4 88  0  0  0 2026-09-29 14:23:15
 1  0 4020220 1294712  60128 46489656  138   84 116871  1280 13606 16574  7  3 90  1  0  0 2026-09-29 14:23:25
 3  0 4021328 2602112  58680 45939040   60  152 126323   523 38162 64506  8  4 88  1  0  0 2026-09-29 14:23:35
 1  0 4021304 1563340  57052 44963092   21    4 173604   204 17244 22168  8  2 88  1  0  0 2026-09-29 14:23:45
 6  1 4021624 7668176  44380 36837464    6   40 177356   102 16848 21069  8  3 88  1  0  0 2026-09-29 14:23:55
 1  0 4021552 2559680  44396 39782836   29    0 294382    31 40299 64946  8  4 86  1  0  0 2026-09-29 14:24:05
 1  0 4020336 5828468  44416 41969456   25    0 218735    20 40187 65779  7  4 87  1  0  0 2026-09-29 14:24:15
 0  1 4020292 1541360  44432 44126628    2    0 275932    13 17550 21554  8  2 89  1  0  0 2026-09-29 14:24:25
 2  0 4020216 1396744  44480 42267168   11    0 265578   138 17763 21982  8  2 88  1  0  0 2026-09-29 14:24:35
 2  0 4019996 8383080  44492 40716580  456    0 236484    46 25355 37533  8  3 88  1  0  0 2026-09-29 14:24:45
 2  0 4019128 3227236  44512 43699644  443    0 298694    12 30679 45620  9  4 87  1  0  0 2026-09-29 14:24:55
 4  3 4018356 4104784  44536 40474884  189    0 320549    60 19585 24349  9  3 87  1  0  0 2026-09-29 14:25:05
procs -----------memory---------- ---swap-- -----io---- -system-- -------cpu------- -----timestamp-----
 r  b   swpd   free   buff  cache   si   so    bi    bo   in   cs us sy id wa st gu                 BST
 3  0 4862816 5201324  30972 38194580   10 82573 280213 82636 36502 57382  8  4 87  1  0  0 2026-09-29 14:25:15
 2  0 5131732 8897024  30928 40149504   52 26029 199013 26094 38043 63175  7  5 87  1  0  0 2026-09-29 14:25:25
 2  0 5128388 4450720  32540 42640400  427    0 249662    79 17161 21520  8  2 89  1  0  0 2026-09-29 14:25:35
 1  0 7775924 3865048  26392 44153112    3 255137 238576 255195 17474 21276  8  4 87  1  0  0 2026-09-29 14:25:45
 2  0 8953796 3845528  24028 43642464  100 115650 228909 115662 19712 26583  8  3 88  1  0  0 2026-09-29 14:25:55
 2  0 8952696 8685268  23992 44363064  114    1 218540    32 33234 53548  7  4 88  1  0  0 2026-09-29 14:26:05
 1  0 8952468 3923368  24016 46939004   30    4 307742    56 18433 23325  8  2 88  1  0  0 2026-09-29 14:26:15
 1  0 9508496 4060720  19968 45479476   82 50960 248716 50975 18860 23399  8  5 86  1  0  0 2026-09-29 14:26:25
 4  0 9548792 10698764  10648 43985168 2176 6352 257930  6411 21919 29987  8  3 87  1  0  0 2026-09-29 14:26:35
 1  0 9547128 6791808  10668 46201120  164    0 221687    30 37495 60281  8  4 87  1  0  0 2026-09-29 14:26:45
 2  0 9554672 4250216  10164 46785760   75 1092 266475  1152 17863 22088  8  2 89  1  0  0 2026-09-29 14:26:55
 1  0 9557036 3916820   8740 45307916  326  587 248286   604 16744 21142  8  2 89  1  0  0 2026-09-29 14:27:05
 2  0 9559076 11003536   8760 43705780  102  411 216960   429 16377 21147  7  3 89  1  0  0 2026-09-29 14:27:15
 1  0 9557476 6402848   8776 46360616  162    0 265704    13 32616 50734  8  4 87  1  0  0 2026-09-29 14:27:25
 3  0 9621968 4579068   8684 46197844   88 6612 292285  6690 19190 24198  8  3 88  1  0  0 2026-09-29 14:27:35
 2  0 9629832 4866440   8700 44059348   65  884 251170   898 33466 53722  8  4 87  1  0  0 2026-09-29 14:27:45
 2  0 9631120 10272700   8732 44083948   79  214 184227   230 46046 80952  6  4 89  1  0  0 2026-09-29 14:27:55
 1  0 9628544 6765656   8752 46012784  336    0 193286    25 12733 15333  7  2 91  0  0  0 2026-09-29 14:28:05
 1  0 9625408 5502516   8780 48288196  387    0 227865    35 47260 82391  6  4 89  1  0  0 2026-09-29 14:28:15
 1  0 9629368 6613468   8800 44174672  179  729 310306   767 9501 9795  5  2 93  1  0  0 2026-09-29 14:28:25
 1  0 9626928 6697600   8800 42134468  282   78 192078   129 45057 79694  5  4 91  0  0  0 2026-09-29 14:28:35
procs -----------memory---------- ---swap-- -----io---- -system-- -------cpu------- -----timestamp-----
 r  b   swpd   free   buff  cache   si   so    bi    bo   in   cs us sy id wa st gu                 BST
 1  0 9626888 4803768   3580 41446892  114  114 263991   124 20890 33099  5  2 92  0  0  0 2026-09-29 14:28:45
 2  0 9806616 4613496   2868 38633832  153 10611 316207 10636 9046 9003  4  3 92  0  0  0 2026-09-29 14:28:55
 1  0 9914672 7956040   2660 30563292  797 7430 473979  7470 9471 9733  4  3 92  0  0  0 2026-09-29 14:29:05
 2  0 9911096 3580968   2676 32077000  172    4 279900    23 43428 76742  5  4 91  0  0  0 2026-09-29 14:29:15
 1  0 10087344 5157628   2548 28494480  524 16799 227176 16811 9673 10777  5  3 92  0  0  0 2026-09-29 14:29:25
 3  0 10101304 6986420   2780 23509276  680 2233 312435  2311 42790 76316  5  4 91  0  0  0 2026-09-29 14:29:35
 2  0 9851992 28027020   2812 24690976 5002    0 123124    11 16975 24063  3  5 91  1  0  0 2026-09-29 14:29:45
 2  0 9727228 21819520   5600 26327364 14386    0 178235    68 8666 11262  1  1 94  4  0  0 2026-09-29 14:29:55
 0  1 9725480 16367020   9180 31814948  161    0 549239    64 7967 9263  2  1 94  3  0  0 2026-09-29 14:30:05
 0  1 9720008 11102584   9212 37138204  573    0 532909    40 7870 8924  2  1 94  3  0  0 2026-09-29 14:30:15
 1  0 9718680 4791676   9232 43503344  131    0 636676    72 7827 9565  1  1 94  4  0  0 2026-09-29 14:30:25
 0  1 9679884 1106248   9160 47212880 3981  106 519254   248 8071 9940  1  1 94  4  0  0 2026-09-29 14:30:35
 2  0 9682048 3236192   7952 43935408  126  422 277470   453 8997 9891  4  2 93  1  0  0 2026-09-29 14:30:45
 2  0 9664736 1919336   5104 45370388 1736   67 212182    82 25397 40475  5  3 90  2  0  0 2026-09-29 14:30:55
 0  1 9519824 1960508   4692 46108792 20188 3103 105434  3119 12255 15868  4  2 91  3  0  0 2026-09-29 14:31:05
 0  1 9243356 5591776   5352 46170784 25020    0 27979    43 8541 9778  3  1 93  3  0  0 2026-09-29 14:31:15
 2  0 9221616 1933164   6048 47094396 2435    0 55619    72 6474 5604  6  1 92  1  0  0 2026-09-29 14:31:25
 1  0 9219096 1920656   6544 47111264  242    0  1038    85 5321 4147  7  1 92  0  0  0 2026-09-29 14:31:35
 1  0 9218552 1965220   6864 47127060   58    0   184   136 5259 4275  5  1 94  0  0  0 2026-09-29 14:31:45
 1  0 9217724 1890524   6976 47140752   82    0   125 12182 5200 4330  5  1 94  0  0  0 2026-09-29 14:31:55
 0  1 9198068 2027664  11200 47249004 2084    0 11788   883 6031 5751  5  1 93  1  0  0 2026-09-29 14:32:05
procs -----------memory---------- ---swap-- -----io---- -system-- -------cpu------- -----timestamp-----
 r  b   swpd   free   buff  cache   si   so    bi    bo   in   cs us sy id wa st gu                 BST
 1  0 9174888 2852020  13052 47042724 1915    0  6542  1526 6570 5767  4  2 93  1  0  0 2026-09-29 14:32:15
 2  0 9189688 4160448   9696 19719720  353 1885  6746  6924 7051 4834  2  7 91  0  0  0 2026-09-29 14:32:25
 2  0 9178968 3437892  10200 19797896 1221    0  7920    70 6288 5055  4  3 93  0  0  0 2026-09-29 14:32:35
 1  0 9178160 2937292  10216 19802388   79    0   518    14 5766 4434  4  2 94  0  0  0 2026-09-29 14:32:45
 1  0 9175792 2923460  10232 19809304  187    0   878   151 5525 4543  5  1 94  0  0  0 2026-09-29 14:32:55
 1  1 9172012 2689544  10252 19811936  429    0   691  1340 5444 4629  4  2 94  0  0  0 2026-09-29 14:33:05
 1  0 9170416 1838408  10364 19817276  158    0   700    40 5505 4450  2  4 94  0  0  0 2026-09-29 14:33:15
 1  0 9169388 1553900  11368 19506080  129   27  1284    48 7793 4678  5  5 89  0  0  0 2026-09-29 14:33:25
 1  0 9167848 1810996  12344 18902072  172   21  2610   283 6233 5129  5  2 93  0  0  0 2026-09-29 14:33:35
 1  0 9066468 3097880  17892 19002836 11939    0 21376  1025 9027 9506  3  2 92  3  0  0 2026-09-29 14:33:45
 1  1 8727752 2162112  17960 19024692 33547    0 35688   637 9859 12736  2  1 94  4  0  0 2026-09-29 14:33:55
 0  1 8388600 1535048  18804 19035772 39924    0 40950  1438 11078 13655  1  1 94  5  0  0 2026-09-29 14:34:05
 0  0 8384068 1265596  18884 19037856 43658    0 43828  2036 8963 12813  1  0 95  4  0  0 2026-09-29 14:34:15
 0  0 8382912 1195204  20616 19110596  352    0  7166    74 5269 5443  1  1 98  0  0  0 2026-09-29 14:34:25
 3  0 8381872 1384844  37836 19111276 1171    0  2074  3846 11105 10194 12  4 81  3  0  0 2026-09-29 14:34:35
 3  1 8381532 1344200  54476 19114912  354    0   642  3493 10979 10014 12  4 80  3  0  0 2026-09-29 14:34:45
 3  1 8381220 1323680  71896 19117532  430    0   668  3556 9894 9536  9  3 84  4  0  0 2026-09-29 14:34:55
 3  1 8380136 1272188  88044 17661216  654   27   798  3917 9720 9490  9  4 84  3  0  0 2026-09-29 14:35:05
 2  0 8380012 1167916 104456 17663988   66    0   280  3432 10268 7915 10  6 81  3  0  0 2026-09-29 14:35:15
 1  1 8378900 1119232 121180 17671940  375    0   886  3550 8584 8605  6  2 88  4  0  0 2026-09-29 14:35:25
 4  2 8378716 1105952 137600 17673252  230    0   284  3544 8944 9001  6  2 88  3  0  0 2026-09-29 14:35:35
procs -----------memory---------- ---swap-- -----io---- -system-- -------cpu------- -----timestamp-----
 r  b   swpd   free   buff  cache   si   so    bi    bo   in   cs us sy id wa st gu                 BST
 1  1 8378364 1090524 153920 17675612  208    0   314  3428 8851 8816  6  3 87  3  0  0 2026-09-29 14:35:45
 1  1 8377812 1112192 170400 17685516  197    0  1099  3505 11119 9153  9  5 83  3  0  0 2026-09-29 14:35:55
 3  1 8377680 1101964 185848 17686472   93    0   111  3507 9149 8904  7  2 87  3  0  0 2026-09-29 14:36:05
 0  1 8377604 1083032 193332 17687120   49    0    68  3454 9678 9101  9  3 84  3  0  0 2026-09-29 14:36:15
 4  1 8377544 1079832 199132 17688372   28    0    64  3468 8991 8385  7  4 86  3  0  0 2026-09-29 14:36:25
 0  1 8377352 1055324 206028 17689260   38    0    74  3505 8730 8544  7  3 87  3  0  0 2026-09-29 14:36:35
 5  1 8376924 1421212 211696 17364540   95    0   693  3457 10988 10863  9  4 84  3  0  0 2026-09-29 14:36:45
 1  1 8369456 1264580 217744 17387920 3298    0  5550  3440 13266 12242  9  5 82  4  0  0 2026-09-29 14:36:55
 4  1 8366796 1222284 223412 17388988  576    0   622  3497 9177 9204  7  2 87  3  0  0 2026-09-29 14:37:05
 1  1 8366456 1215996 230720 17390524  120    0   146  3569 9980 9350  9  3 84  3  0  0 2026-09-29 14:37:15
 2  1 8364000 1229920 236896 17391932   96    0   185  3397 8862 9131  7  2 88  3  0  0 2026-09-29 14:37:25
 3  1 8363940 1270076 243104 17393124   38    0    90  3495 10199 9699 10  3 84  3  0  0 2026-09-29 14:37:35
 1  1 8363700 1218608 249024 17393924  140    0   155  3492 9071 8886  9  3 85  3  0  0 2026-09-29 14:37:45
 6  1 8363424 1229672 251860 17394656   50    0    75  3545 8588 8596  7  3 87  3  0  0 2026-09-29 14:37:55
 3  1 8363424 1233652 254216 17395236   15    0    15  3442 9545 8610  9  4 83  3  0  0 2026-09-29 14:38:05
 3  1 8363392 1241116 255528 17395760    6    0    14  3459 8374 8375  6  2 88  3  0  0 2026-09-29 14:38:15
 3  1 8363308 1220480 257356 17396428   15    0    26  3469 9596 9203 10  3 84  3  0  0 2026-09-29 14:38:25
 2  1 8363160 1170232 259680 17397348   62    0    94  3486 9134 8177  8  4 84  3  0  0 2026-09-29 14:38:35
 3  1 8363132 1172260 262424 17401536    5    0   206  3427 8796 8022  9  3 85  3  0  0 2026-09-29 14:38:45
 3  1 8363108 1141460 264260 17402196   26    0    41  3503 10868 9049 12  6 79  3  0  0 2026-09-29 14:38:55
 1  1 8362360 1140936 265480 17402680  241    0   241  3453 8472 8541  6  3 88  3  0  0 2026-09-29 14:39:05
procs -----------memory---------- ---swap-- -----io---- -system-- -------cpu------- -----timestamp-----
 r  b   swpd   free   buff  cache   si   so    bi    bo   in   cs us sy id wa st gu                 BST
 0  1 8361052 1120144 268120 17403172   16    0    16  3354 6377 7412  1  1 95  3  0  0 2026-09-29 14:39:15
 0  0 8361028 1143836 270116 17403876    3    0    20  3410 6155 7361  1  1 95  3  0  0 2026-09-29 14:39:25
 3  1 8361004 1127164 271444 17404572    3    0    24  3487 6818 7636  2  1 94  4  0  0 2026-09-29 14:39:35
 2  1 8360980 1129488 272212 17405084    9    0    21  3467 12432 9691 12  6 78  3  0  0 2026-09-29 14:39:45
 0  1 8360972 1141940 273076 17405752    2    0    14  3394 5696 6935  1  1 95  3  0  0 2026-09-29 14:39:55
 0  1 8360936 1188676 273796 17406400    2    0    20  3396 6223 7268  1  1 95  3  0  0 2026-09-29 14:40:05
 0  1 8360900 1147412 274412 17407832    8    0    95  3383 6354 7473  1  1 95  3  0  0 2026-09-29 14:40:15
 4  1 8360804 1130080 275144 17409200   18    0   106  3442 8805 8743  7  2 88  3  0  0 2026-09-29 14:40:25
 3  0 8360772 1143376 275832 17409588   10    0    13  3540 11924 9977 13  5 79  3  0  0 2026-09-29 14:40:35
 3  1 8360724 1137844 276608 17410204   12    0    25  3573 11202 9995 13  4 80  3  0  0 2026-09-29 14:40:45
 3  1 8360512 1109032 277252 17410800   14    0    14  3454 10781 9699 13  4 80  3  0  0 2026-09-29 14:40:55
 3  1 8359932 1146248 277832 17411404  145    0   158  3514 11106 9997 13  4 80  3  0  0 2026-09-29 14:41:05
 3  0 8359744 1130008 278032 17412892  314    0   430  1032 10259 7931 12  5 82  1  0  0 2026-09-29 14:41:15
 3  0 8359636 1079268 278036 17413192  309    0   337    18 8693 6661 12  4 83  0  0  0 2026-09-29 14:41:25
 3  0 8359548 1108188 278036 17413652  293    0   337    73 8553 6517 13  4 83  0  0  0 2026-09-29 14:41:35
 3  0 8359248 1130004 278036 17413884  284    0   305    65 9459 6638 13  5 82  0  0  0 2026-09-29 14:41:45
 3  0 8359240 1112416 278036 17414264  227    0   264    65 8831 6798 13  4 83  0  0  0 2026-09-29 14:41:55
 3  0 8359224 1128352 278040 17415176  207    0   298    28 9196 7155 13  4 83  0  0  0 2026-09-29 14:42:05
 4  0 8359204 1129564 278044 17415192  194    0   194    25 8962 6759 13  4 83  0  0  0 2026-09-29 14:42:15
 4  0 8359200 1134112 278044 17415520  168    0   194    71 9448 6725 12  5 83  0  0  0 2026-09-29 14:42:25
 4  0 8359048 1133592 278044 17416132  222    0   282    53 9075 7123 12  4 83  0  0  0 2026-09-29 14:42:35
procs -----------memory---------- ---swap-- -----io---- -system-- -------cpu------- -----timestamp-----
 r  b   swpd   free   buff  cache   si   so    bi    bo   in   cs us sy id wa st gu                 BST
 3  0 8359008 1149344 278044 17416136  154    0   154    18 9045 7080 12  4 83  0  0  0 2026-09-29 14:42:45
 3  0 8358632 1141272 278044 17416156  155    0   155    57 9562 6737 12  5 82  0  0  0 2026-09-29 14:42:55
 5  0 8358128 1144596 278044 17416160  327    0   327    27 8918 6705 12  4 83  0  0  0 2026-09-29 14:43:05
 4  0 8358104 1152068 278044 17416360  148    0   160    33 8412 6402 12  4 84  0  0  0 2026-09-29 14:43:15
 4  0 8358092 1148644 278044 17416360  129    0   129    49 8923 6817 12  4 83  0  0  0 2026-09-29 14:43:25
 3  0 8357992 1126932 278048 17416488  124    0   136    67 9922 6812 13  6 81  0  0  0 2026-09-29 14:43:35
 3  0 8357988 1127624 278056 17416596  122    0   133    24 9476 6874 12  5 82  0  0  0 2026-09-29 14:43:45
 3  0 8357956 1133072 278068 17416604  108    0   108    15 9767 6675 12  6 82  0  0  0 2026-09-29 14:43:55
 3  0 8357928 1157200 278076 17416604   82    0    97    56 9653 6684 12  6 82  0  0  0 2026-09-29 14:44:05
 3  0 8357900 1159072 278076 17416880   98    0   108    40 8546 6547 12  4 84  0  0  0 2026-09-29 14:44:15
 3  0 8357860 1152704 278076 17417116   91    0   117    16 8697 6623 12  4 83  0  0  0 2026-09-29 14:44:25
 6  0 8357828 1140856 278080 17417716  100    0   156    93 9164 6573 12  5 82  0  0  0 2026-09-29 14:44:35
 3  0 8357816 1156060 278080 17417716   83    0    83    23 8340 6249 12  4 84  0  0  0 2026-09-29 14:44:45
 4  0 8357692 1144972 278080 17417772  104    0   108    17 8818 6636 12  4 83  0  0  0 2026-09-29 14:44:55
 3  0 8357036 1150276 278084 17418400  276    0   329    45 8473 6243 13  4 83  0  0  0 2026-09-29 14:45:05
 4  0 8356972 1197068 278024 17414244  144    0   144    57 9789 6176 13  5 82  0  0  0 2026-09-29 14:45:15
 3  0 8356880 1166000 278024 17414420  195    0   215    40 8603 6395 13  4 83  0  0  0 2026-09-29 14:45:25
 3  0 8353708 1446692 278224 17088416  503    0   705    78 8539 6222 13  4 83  0  0  0 2026-09-29 14:45:35
 4  0 8353696 1395064 278224 17088440  140    0   140   108 9220 6203 13  5 82  0  0  0 2026-09-29 14:45:45
 3  0 8353684 1435436 278224 17088456  123    0   123    50 8736 6304 13  4 83  0  0  0 2026-09-29 14:45:55
 3  0 8353468 1424772 278488 17088940  182    0   255   103 8885 6684 13  4 83  0  0  0 2026-09-29 14:46:05
procs -----------memory---------- ---swap-- -----io---- -system-- -------cpu------- -----timestamp-----
 r  b   swpd   free   buff  cache   si   so    bi    bo   in   cs us sy id wa st gu                 BST
 3  0 8353456 1429536 278488 17089368 1565    0  1607    68 9000 6940 12  4 83  1  0  0 2026-09-29 14:46:15
 4  0 8353440 1400024 278488 17089348   71    0    71    24 9503 6100 12  6 82  0  0  0 2026-09-29 14:46:25
 3  0 8353436 1419760 278488 17089388   56    0    56    49 8701 6471 12  4 84  0  0  0 2026-09-29 14:46:35
 3  0 8353056 1426548 278488 17089588  148    0   166    30 8862 6765 12  4 83  0  0  0 2026-09-29 14:46:45
 4  0 8353004 1405160 278488 17089596   58    0    58    74 9395 6924 12  4 83  0  0  0 2026-09-29 14:46:55
 3  0 8351876 1405720 278488 17089608  296    0   296    42 9558 6731 12  5 82  0  0  0 2026-09-29 14:47:05
 3  0 8351828 1379052 278488 17089612  160    0   160    30 8914 6837 12  4 83  0  0  0 2026-09-29 14:47:15
 3  0 8351796 1390464 278488 17089812   87    0   110    36 8532 6498 12  4 84  0  0  0 2026-09-29 14:47:25
 3  0 8351760 1369528 278488 17089872  103    0   104    60 10274 6531 12  5 82  0  0  0 2026-09-29 14:47:35
 3  0 8351752 1375796 278488 17089912   75    0    79    23 8728 6646 12  4 83  0  0  0 2026-09-29 14:47:45
 4  0 8351748 1388276 278488 17089952   84    0    87    43 8700 6688 12  4 84  0  0  0 2026-09-29 14:47:55
 3  0 8351744 1402944 278488 17089956   35    0    35    56 8330 6202 12  4 84  0  0  0 2026-09-29 14:48:05
 3  0 8351724 1388408 278488 17089968   28    0    28    26 10493 6147 12  7 80  0  0  0 2026-09-29 14:48:15
 3  0 8351716 1386960 278488 17089948  116    0   116    32 8606 6313 13  4 83  0  0  0 2026-09-29 14:48:25
 3  1 8351116 1317112 283276 17145080  260    0  6215   292 9631 7164 14  4 82  1  0  0 2026-09-29 14:48:35
 4  0 8351092 1321624 283276 17145136   56    0    60    46 8810 6484 13  4 83  0  0  0 2026-09-29 14:48:45
 3  0 8351036 1312252 283276 17145148   96    0    96    32 9263 6149 13  6 82  0  0  0 2026-09-29 14:48:55
 1  0 8350332 1085404 283484 17150584  206    0   207    87 7768 5843 11  3 86  0  0  0 2026-09-29 14:49:05
 3  0 8350324 1251664 283548 17151976    9    0    16    76 9127 6566 12  5 83  0  0  0 2026-09-29 14:49:15
 3  0 8350308 1241476 283548 17152220   10    0    37    29 8789 6832 12  4 84  0  0  0 2026-09-29 14:49:25
 4  1 8350256 1252160 283548 17152444   14    0    32   144 8451 6466 12  4 84  0  0  0 2026-09-29 14:49:35
procs -----------memory---------- ---swap-- -----io---- -system-- -------cpu------- -----timestamp-----
 r  b   swpd   free   buff  cache   si   so    bi    bo   in   cs us sy id wa st gu                 BST
 3  0 8350228 1272284 283560 17152576   10    0    20   650 9973 6576 12  5 82  0  0  0 2026-09-29 14:49:45
 3  0 8350208 1264364 283560 17152708   14    0    26    24 8750 6584 12  4 84  0  0  0 2026-09-29 14:49:55
 3  0 8350192 1262028 283564 17152888   11    0    60    33 9111 7086 13  4 83  0  0  0 2026-09-29 14:50:05
 4  0 8350192 1264324 283564 17154068    7    0    91    45 8954 6624 12  4 84  0  0  0 2026-09-29 14:50:15
 3  0 8350180 1275984 283564 17154048   13    0    13    53 9863 6741 12  5 82  0  0  0 2026-09-29 14:50:25
 3  0 8350168 1257448 283564 17154092    4    0     4    49 8701 6525 12  4 84  0  0  0 2026-09-29 14:50:35
 3  0 8350160 1254484 283576 17156952   16    0    16    83 8348 6198 12  4 84  0  0  0 2026-09-29 14:50:45
 3  0 8350132 1251456 283588 17159804   30    0    30   102 8771 6250 12  4 83  0  0  0 2026-09-29 14:50:55
 3  0 8349200 1275480 283588 17159832  195    0   195    47 8794 6563 13  4 83  0  0  0 2026-09-29 14:51:05
 2  0 8349188 1230532 283672 17169672    3    0  1057   348 8160 6099 12  4 85  0  0  0 2026-09-29 14:51:15
 4  0 8337328 1244616 279752 16800212 3132    0  3383   343 8610 5445 11  5 84  0  0  0 2026-09-29 14:51:25
 3  0 8336472 1259108 279764 16801240  110    0   155    55 8162 4649 12  5 83  0  0  0 2026-09-29 14:51:35
 4  0 8336440 1294564 280044 16804900   30    0   289    38 10152 6104 13  6 82  0  0  0 2026-09-29 14:51:45
 3  0 8336428 1241568 280044 16804912    5    0     5    45 9104 6542 12  5 83  0  0  0 2026-09-29 14:51:55
 3  0 8336300 1229372 280048 16804952    2    0     4   115 8753 6656 12  4 84  0  0  0 2026-09-29 14:52:05
 4  0 8336284 1214604 280056 16804964   26    0    26    86 9451 6439 12  5 83  0  0  0 2026-09-29 14:52:15
 3  0 8336260 1204044 280056 16805020   51    0    56    43 8878 6731 12  4 83  0  0  0 2026-09-29 14:52:25
 3  0 8336204 1212768 280056 16805284   22    0    28    48 8676 6529 12  4 84  0  0  0 2026-09-29 14:52:35
 4  0 8336116 1201544 280056 16805292   18    0    18    36 8298 6305 12  4 84  0  0  0 2026-09-29 14:52:45
 3  0 8335928 1208544 280056 16805300   24    0    24    36 9380 6532 12  5 82  0  0  0 2026-09-29 14:52:55
 3  0 8335052 1237464 280056 16805344  222    0   226    26 8793 6803 12  4 84  0  0  0 2026-09-29 14:53:05
procs -----------memory---------- ---swap-- -----io---- -system-- -------cpu------- -----timestamp-----
 r  b   swpd   free   buff  cache   si   so    bi    bo   in   cs us sy id wa st gu                 BST
 2  0 8335044 1229804 280056 16805352    0    0     0    37 8484 6473 12  4 84  0  0  0 2026-09-29 14:53:15
 3  0 8334832 1212428 280064 16808988   83    0   446    14 9188 6726 12  5 82  0  0  0 2026-09-29 14:53:25
 4  0 8334812 1197256 280064 16809236    5    0    29    75 9892 6826 12  5 82  0  0  0 2026-09-29 14:53:35
 3  0 8334720 1203624 280064 16809248    9    0     9    43 8932 6956 13  4 83  0  0  0 2026-09-29 14:53:45
 3  0 8334712 1199148 280064 16809252    3    0     3    14 8854 6846 12  4 84  0  0  0 2026-09-29 14:53:55
 4  0 8334712 1193192 280064 16809264    0    0     0    39 9397 6629 12  5 82  0  0  0 2026-09-29 14:54:05
 3  0 8334708 1215908 280064 16809268    0    0     0    23 8542 6517 12  4 84  0  0  0 2026-09-29 14:54:15
 3  0 8334708 1210480 280064 16809276    0    0     0    25 8170 6120 12  4 84  0  0  0 2026-09-29 14:54:25
 4  0 8334708 1216968 280064 16809276    0    0     0    67 8643 6463 12  4 84  0  0  0 2026-09-29 14:54:35
 3  0 8334608 1238524 280064 16809288   11    0    11    24 9331 6606 12  5 82  0  0  0 2026-09-29 14:54:45
 7  0 8334600 1206888 280064 16809292    1    0     1    31 8530 6456 12  4 84  0  0  0 2026-09-29 14:54:55
 3  0 8334124 1222216 280064 16809892   86    0   145    22 8853 6698 12  4 84  0  0  0 2026-09-29 14:55:05
 3  0 8334116 1225496 280064 16809924    0    0     3    43 10248 6525 12  5 82  0  0  0 2026-09-29 14:55:15
 3  0 8334096 1176652 280064 16809928    2    0     2    16 8867 6718 12  4 84  0  0  0 2026-09-29 14:55:25
 4  0 8334068 1205700 280200 16809936    6    0    20    80 8714 6493 12  4 84  0  0  0 2026-09-29 14:55:35
 4  0 8334068 1215004 280200 16809936    0    0     0    48 8698 6600 12  4 84  0  0  0 2026-09-29 14:55:45
 3  0 8334060 1231460 280200 16809948    2    0     2    40 9337 6483 12  5 82  0  0  0 2026-09-29 14:55:55
 3  0 8332760 1191328 280200 16810312  195    0   231    22 7999 5752 13  4 84  0  0  0 2026-09-29 14:56:05
 3  0 8332496 1191080 280200 16810440   75    0    86    85 8534 6181 13  4 83  0  0  0 2026-09-29 14:56:15
 3  0 8332480 1184292 280200 16810452   10    0    11    14 7941 5478 13  3 83  0  0  0 2026-09-29 14:56:25
 3  0 8332448 1082980 280364 16816476   46    0   245    80 8422 6059 12  4 84  0  0  0 2026-09-29 14:56:35
procs -----------memory---------- ---swap-- -----io---- -system-- -------cpu------- -----timestamp-----
 r  b   swpd   free   buff  cache   si   so    bi    bo   in   cs us sy id wa st gu                 BST
 4  0 8332408 1092364 280364 16816484   10    0    10    56 8942 6826 13  3 84  0  0  0 2026-09-29 14:56:45
 4  0 8332388 1098648 280364 16816620    2    0    15    33 10508 6171 13  8 80  0  0  0 2026-09-29 14:56:55
 4  0 8331724 1458804 280364 16491760  156    0   156    48 10923 6907 13  6 81  0  0  0 2026-09-29 14:57:05
 3  0 8331672 1387636 280364 16491768    4    0     4    30 8754 6522 13  4 84  0  0  0 2026-09-29 14:57:15
 6  0 8331664 1381828 280364 16491772    2    0     2    42 8487 6327 13  4 84  0  0  0 2026-09-29 14:57:25
 3  0 8331652 1416904 280368 16491776    2    0     2    42 7857 5816 13  4 84  0  0  0 2026-09-29 14:57:35
 5  0 8331648 1400212 280376 16491784    2    0     2    28 8480 6372 13  4 83  0  0  0 2026-09-29 14:57:45
 3  0 8331644 1424528 280376 16491916    1    0    14    30 8424 7776 13  4 84  0  0  0 2026-09-29 14:57:55
 3  0 8331636 1413896 280376 16492008    1    0    10    41 8423 6183 13  4 84  0  0  0 2026-09-29 14:58:05
 4  0 8331632 1406852 280376 16492140    1    0    14    23 8132 5851 13  4 84  0  0  0 2026-09-29 14:58:15
 3  0 8331624 1394692 280376 16492144    2    0     2    14 8536 6140 13  4 84  0  0  0 2026-09-29 14:58:25
 3  0 8331348 1416348 280384 16493160  104    0   206    80 8476 6127 13  4 84  0  0  0 2026-09-29 14:58:35
 3  0 8331100 1372032 280384 16493164   26    0    26    29 8444 6278 13  4 83  0  0  0 2026-09-29 14:58:45
 4  0 8331044 1385720 280384 16498444   16    0   543    12 8447 6290 13  4 83  0  0  0 2026-09-29 14:58:55
 5  0 8330964 1394488 280388 16498448   23    0    23    36 8117 6037 13  4 84  0  0  0 2026-09-29 14:59:05
 3  0 8330964 1378428 280388 16498452    1    0     1    33 8449 6280 13  4 84  0  0  0 2026-09-29 14:59:15
 3  0 8330960 1426464 280388 16498456    2    0     2    14 8620 6496 13  4 84  0  0  0 2026-09-29 14:59:25
 3  0 8330948 1408364 280524 16498640    2    0    33    44 8421 6157 13  4 84  0  0  0 2026-09-29 14:59:35
 3  0 8330940 1406276 280524 16498644    8    0     8    58 8437 6263 13  4 83  0  0  0 2026-09-29 14:59:45
 3  0 8330880 1419888 280524 16498644    8    0     8    13 8126 5951 13  4 84  0  0  0 2026-09-29 14:59:55
 4  0 8330848 1352360 281212 16538680    8    0  4068    34 8922 6697 13  4 83  0  0  0 2026-09-29 15:00:05
procs -----------memory---------- ---swap-- -----io---- -system-- -------cpu------- -----timestamp-----
 r  b   swpd   free   buff  cache   si   so    bi    bo   in   cs us sy id wa st gu                 BST
 3  0 8330844 1325684 281212 16538684    1    0     1    54 8505 6332 13  4 84  0  0  0 2026-09-29 15:00:15
 3  0 8330844 1361104 281212 16538688    1    0     1    16 8314 6095 13  4 84  0  0  0 2026-09-29 15:00:25
 4  0 8330836 1369164 281212 16538824    2    0    14    42 8393 6094 13  4 84  0  0  0 2026-09-29 15:00:35
 3  0 8330828 1352480 281216 16538828    0    0     0    53 7980 5901 13  3 84  0  0  0 2026-09-29 15:00:45
 3  0 8330360 1297436 283840 16613480  215    0  7024   164 9842 7643 13  4 83  0  0  0 2026-09-29 15:00:55
 4  0 8330156 1259076 283840 16613484   46    0    46    17 8431 6072 13  4 84  0  0  0 2026-09-29 15:01:05
 4  0 8330152 1271772 283840 16613492    3    0     3    22 8269 6220 13  4 84  0  0  0 2026-09-29 15:01:15
 3  0 8330148 1272496 283840 16613496    0    0     0    52 8283 5982 13  4 84  0  0  0 2026-09-29 15:01:25
 3  0 8330140 1250696 283976 16613652    2    0    30    43 8368 5994 13  4 83  0  0  0 2026-09-29 15:01:35
 3  0 8330128 1249048 283976 16613656    2    0     2    23 8544 6431 13  4 83  0  0  0 2026-09-29 15:01:45
 3  0 8330124 1249896 283984 16613876    4    0    25    36 8750 6590 13  4 84  0  0  0 2026-09-29 15:01:55
 3  0 8330112 1266376 283984 16614008    2    0    14    39 8070 5845 13  4 84  0  0  0 2026-09-29 15:02:05
 3  0 8330096 1275284 283984 16614012    5    0     5    22 7737 5658 13  4 84  0  0  0 2026-09-29 15:02:15
 2  0 8330092 1266144 283984 16614020    1    0     1    42 8357 6054 13  4 83  0  0  0 2026-09-29 15:02:25
 3  0 8329964 1284012 283984 16614240   23    0    45    49 8215 5776 13  4 83  0  0  0 2026-09-29 15:02:35
 3  0 8329960 1287436 283984 16614328    3    0    11    43 8626 6284 13  4 83  0  0  0 2026-09-29 15:02:45
 3  0 8329908 1261512 283984 16614332    7    0     7    15 8467 6212 13  4 84  0  0  0 2026-09-29 15:02:55
 3  0 8329608 1273408 283984 16614332   50    0    50    40 8549 6397 13  4 84  0  0  0 2026-09-29 15:03:05
 3  0 8329604 1273636 283984 16614340    1    0     1    38 8546 6368 13  4 84  0  0  0 2026-09-29 15:03:15
 3  0 8329584 1262584 283984 16614344    1    0     1    14 8350 6160 13  4 83  0  0  0 2026-09-29 15:03:25
 4  0 8329548 1281092 283984 16614644    3    0    32    66 8773 6572 13  4 83  0  0  0 2026-09-29 15:03:35
procs -----------memory---------- ---swap-- -----io---- -system-- -------cpu------- -----timestamp-----
 r  b   swpd   free   buff  cache   si   so    bi    bo   in   cs us sy id wa st gu                 BST
 4  0 8329492 1298124 283984 16614648   15    0    15    25 7959 6013 13  3 84  0  0  0 2026-09-29 15:03:45
 3  0 8329488 1281172 283984 16614652    2    0     2    24 8580 6389 13  4 83  0  0  0 2026-09-29 15:03:55
 3  0 8327928 1199472 283984 16624940 6416    0  7445    26 9863 8023 13  4 82  1  0  0 2026-09-29 15:04:05
 3  0 8327868 1195808 283984 16624940    8    0     8    36 8296 5922 13  4 84  0  0  0 2026-09-29 15:04:15
 3  0 8327844 1221920 283984 16625180   10    0    33    22 8218 5904 13  4 84  0  0  0 2026-09-29 15:04:25
 4  0 8327832 1177716 283984 16625256    2    0     8    49 8591 5907 13  5 83  0  0  0 2026-09-29 15:04:35
 3  0 8327812 1171576 283984 16625264    2    0     2    36 8642 6035 13  4 83  0  0  0 2026-09-29 15:04:45
 3  0 8327772 1167124 283984 16625268   13    0    13    12 8280 6072 13  4 83  0  0  0 2026-09-29 15:04:55
 3  0 8327552 1195748 283984 16626156   66    0   154    46 8381 6128 13  4 84  0  0  0 2026-09-29 15:05:05
 4  0 8327504 1216396 283984 16626184    9    0    12    36 9195 5550 13  5 82  0  0  0 2026-09-29 15:05:15
 4  0 8327504 1218616 283984 16626316    1    0    14    13 8233 5846 13  4 84  0  0  0 2026-09-29 15:05:25
 3  0 8327424 1200532 283984 16626400   14    0    22   126 8374 5872 13  4 83  0  0  0 2026-09-29 15:05:35
 4  0 8327412 1161252 283984 16626404    2    0     2    18 8591 6226 13  4 83  0  0  0 2026-09-29 15:05:45
 3  0 8327404 1190076 283984 16626488    3    0    11    34 9263 6172 13  5 82  0  0  0 2026-09-29 15:05:55
 4  0 8327336 1159976 283988 16626496    9    0     9    60 8487 6218 13  4 84  0  0  0 2026-09-29 15:06:05
 3  0 8327324 1163924 283988 16626628    2    0    14    49 8548 6231 13  4 83  0  0  0 2026-09-29 15:06:15
 4  0 8298304 1060112 283988 16630024 4693    0  5031    27 10189 7532 13  5 81  1  0  0 2026-09-29 15:06:25
 3  0 8298292 1128860 283988 16630032    5    0     5    49 8396 6097 13  4 83  0  0  0 2026-09-29 15:06:35
 4  0 8298288 1130200 283988 16630040    1    0     1    18 8049 6047 13  4 84  0  0  0 2026-09-29 15:06:45
 3  0 8298232 1148256 283988 16630044    5    0     5    31 8271 6133 13  4 84  0  0  0 2026-09-29 15:06:55
 4  0 8297648 1108040 283988 16630136  163    0   172    45 9575 6101 13  5 82  0  0  0 2026-09-29 15:07:05
procs -----------memory---------- ---swap-- -----io---- -system-- -------cpu------- -----timestamp-----
 r  b   swpd   free   buff  cache   si   so    bi    bo   in   cs us sy id wa st gu                 BST
 4  0 8297648 1116820 283988 16630140    0    0     0    23 8162 5945 13  4 84  0  0  0 2026-09-29 15:07:15
 3  0 8297644 1101656 283988 16630148    1    0     1    28 8216 5852 13  4 84  0  0  0 2026-09-29 15:07:25
 3  0 8297640 1115272 283992 16630168    7    0     8    48 8530 6198 13  4 83  0  0  0 2026-09-29 15:07:35
 3  0 8297584 1126300 283992 16630172    7    0     7    42 8438 6213 13  4 84  0  0  0 2026-09-29 15:07:45
 3  0 8297564 1148784 283992 16630176    4    0     4    13 8429 6231 13  4 84  0  0  0 2026-09-29 15:07:55
 4  0 8297560 1113460 283992 16630180   10    0    10    39 8355 6057 13  4 83  0  0  0 2026-09-29 15:08:05
 4  0 8297500 1120532 283992 16630180    7    0     7    37 8865 5886 13  5 82  0  0  0 2026-09-29 15:08:15
 3  0 8297472 1129288 283992 16630188    2    0     2    13 8037 5873 13  4 84  0  0  0 2026-09-29 15:08:25
 4  0 8297464 1130596 283996 16630940    4    0    78    60 8432 6163 13  4 84  0  0  0 2026-09-29 15:08:35
 4  0 8297336 1139108 284060 16630952   29    0    36    25 9463 6022 13  5 82  0  0  0 2026-09-29 15:08:45
 5  0 8297320 1124932 284060 16630956    3    0     3    33 8371 6108 13  4 84  0  0  0 2026-09-29 15:08:55
 3  0 8296972 1137200 284060 16630960   99    0    99    21 8319 6165 13  4 84  0  0  0 2026-09-29 15:09:05
 4  0 8296944 1152696 284060 16630968    5    0     5    36 8281 6069 13  4 84  0  0  0 2026-09-29 15:09:15
 3  0 8296928 1256404 284060 16626876    3    0     3    27 8963 5768 13  5 82  0  0  0 2026-09-29 15:09:25
 3  0 8296912 1150732 284060 16626936    4    0     9    45 8185 5942 13  4 84  0  0  0 2026-09-29 15:09:35
 3  0 8296912 1155564 284060 16626936    0    0     0    38 8477 6191 13  4 83  0  0  0 2026-09-29 15:09:45
 3  0 8296912 1176368 284068 16626944    0    0     0    35 8975 5591 13  5 82  0  0  0 2026-09-29 15:09:55
 4  0 8296904 1159072 284072 16626948    2    0     2    15 8244 6014 13  4 83  0  0  0 2026-09-29 15:10:05
 3  0 8296900 1166256 284072 16628004    3    0    95    57 8433 6137 13  4 84  0  0  0 2026-09-29 15:10:15
 4  0 8296900 1163476 284072 16628008    2    0     2    33 8128 5918 13  4 84  0  0  0 2026-09-29 15:10:25
 3  0 8296892 1166628 283312 16624584    1    0    13    61 9919 6031 13  6 82  0  0  0 2026-09-29 15:10:35
procs -----------memory---------- ---swap-- -----io---- -system-- -------cpu------- -----timestamp-----
 r  b   swpd   free   buff  cache   si   so    bi    bo   in   cs us sy id wa st gu                 BST
 3  0 8296876 1155384 283312 16624592    3    0     3    22 8316 6102 13  4 83  0  0  0 2026-09-29 15:10:45
 3  0 8296868 1147788 283312 16624592    1    0     1    32 8172 5890 13  4 84  0  0  0 2026-09-29 15:10:55
 4  0 8296160 1138980 283312 16624832  136    0   160    52 11206 9355 14  4 82  0  0  0 2026-09-29 15:11:05
 3  0 8296156 1140364 283312 16624836    2    0     2    18 9545 6606 13  5 83  0  0  0 2026-09-29 15:11:15
 3  0 8296144 1147912 283312 16624840    4    0     4    13 8099 6075 13  3 84  0  0  0 2026-09-29 15:11:25
 3  0 8296136 1169148 283312 16625272    3    0    45    78 8202 5867 13  4 84  0  0  0 2026-09-29 15:11:35
 4  0 8296132 1144760 283312 16625364    5    0    14    21 9389 5794 13  5 82  0  0  0 2026-09-29 15:11:45
 4  0 8296116 1156900 283316 16625460    1    0    10    14 8303 6000 13  4 83  0  0  0 2026-09-29 15:11:55
 3  0 8296108 1147304 283328 16625464    1    0     1    30 8350 6044 13  4 84  0  0  0 2026-09-29 15:12:05
 3  0 8296100 1509544 281872 16288168    2    0     2    38 8212 5914 13  4 83  0  0  0 2026-09-29 15:12:15
 4  0 8296096 1505252 281876 16288172    1    0     1    16 8371 6140 13  4 84  0  0  0 2026-09-29 15:12:25
 3  0 8296032 1464648 281876 16288680   24    0    74    46 8325 6117 13  4 84  0  0  0 2026-09-29 15:12:35
 3  0 8296012 1458200 281876 16288684    3    0     3    54 8336 6110 13  4 83  0  0  0 2026-09-29 15:12:45
 4  0 8296012 1468528 281876 16288688    0    0     0    16 8197 6023 13  4 84  0  0  0 2026-09-29 15:12:55
 3  0 8295940 1465032 281880 16288696   13    0    13    16 8040 5903 13  3 84  0  0  0 2026-09-29 15:13:05
 3  0 8295928 1462812 281880 16288892    2    0    21    27 8436 6180 13  4 83  0  0  0 2026-09-29 15:13:15
 3  0 8295916 1465876 281880 16288900    3    0     3    51 8215 5984 13  4 84  0  0  0 2026-09-29 15:13:25
 3  0 8295916 1482036 281880 16288908    1    0     1    46 8596 6381 13  4 84  0  0  0 2026-09-29 15:13:35
 3  0 8295912 1449748 281880 16288912    1    0     1    21 8603 6558 13  4 83  0  0  0 2026-09-29 15:13:45
 3  0 8295908 1448140 281884 16288916    1    0     1    52 8432 6238 13  4 84  0  0  0 2026-09-29 15:13:55
 3  0 8295904 1447716 281888 16288992    0    0     8    14 8252 6080 13  4 84  0  0  0 2026-09-29 15:14:05
procs -----------memory---------- ---swap-- -----io---- -system-- -------cpu------- -----timestamp-----
 r  b   swpd   free   buff  cache   si   so    bi    bo   in   cs us sy id wa st gu                 BST
 2  0 8295900 1445704 281892 16289124    1    0    14    25 8324 6012 13  4 83  0  0  0 2026-09-29 15:14:15
 4  0 8295900 1458096 281892 16289128    0    0     0    30 8110 5878 13  4 84  0  0  0 2026-09-29 15:14:25
 3  0 8295900 1485196 281892 16289132    0    0     0    57 7863 5661 13  4 84  0  0  0 2026-09-29 15:14:35
 4  0 8295896 1461196 281892 16289136    0    0     0    19 8448 6245 13  4 83  0  0  0 2026-09-29 15:14:45
 3  0 8295884 1450420 281892 16289140    2    0     2    16 8310 6050 13  4 84  0  0  0 2026-09-29 15:14:55
 3  0 8295752 1466656 281892 16289580   28    0    72    58 8385 6125 13  4 83  0  0  0 2026-09-29 15:15:05
 3  0 8295744 1446740 281892 16289584    2    0     2    21 8217 5937 13  4 84  0  0  0 2026-09-29 15:15:15
 3  0 8295740 1445096 281892 16289592    2    0     2    14 8170 5924 13  4 84  0  0  0 2026-09-29 15:15:25
 4  0 8295736 1420304 281892 16289600    0    0     0    82 8422 6257 13  4 83  0  0  0 2026-09-29 15:15:35
 3  0 8295736 1444252 281892 16289604    1    0     1    37 8292 6082 13  4 83  0  0  0 2026-09-29 15:15:45
 3  0 8295680 1462860 281892 16289608    6    0     6    14 8360 6083 13  3 84  0  0  0 2026-09-29 15:15:55
 4  0 8295660 1471168 281892 16289624    2    0     3    61 8011 5863 13  3 84  0  0  0 2026-09-29 15:16:05
 3  0 8295640 1483556 281892 16289632    3    0     3    42 8388 6040 13  3 83  0  0  0 2026-09-29 15:16:15
 3  0 8295624 1447960 281892 16289636    6    0     6    15 8378 5954 13  4 83  0  0  0 2026-09-29 15:16:25
 3  0 8295624 1460304 281892 16289756    1    0    12    49 8668 6454 13  4 83  0  0  0 2026-09-29 15:16:35
 3  0 8295612 1442316 281892 16289760    2    0     2    38 8673 6616 13  4 83  0  0  0 2026-09-29 15:16:45
 3  0 8295604 1430368 281892 16289764    1    0     1    33 8428 6208 13  4 83  0  0  0 2026-09-29 15:16:55
 3  0 8295548 1460756 281896 16290208   18    0    58    24 8433 6285 13  4 83  0  0  0 2026-09-29 15:17:05
 3  0 8295544 1416896 281896 16290212    2    0     2    41 8295 5981 13  4 84  0  0  0 2026-09-29 15:17:15
 3  0 8295540 1405144 281896 16290216    0    0     0    12 8364 6108 13  4 83  0  0  0 2026-09-29 15:17:25
 4  0 8295532 1438216 281896 16290348    2    0    15    87 7972 5767 13  3 84  0  0  0 2026-09-29 15:17:35
procs -----------memory---------- ---swap-- -----io---- -system-- -------cpu------- -----timestamp-----
 r  b   swpd   free   buff  cache   si   so    bi    bo   in   cs us sy id wa st gu                 BST
 3  0 8295528 1452760 281896 16290352    0    0     0    23 8484 6227 13  4 83  0  0  0 2026-09-29 15:17:45
 5  0 8295524 1488288 281896 16290360    3    0     3    34 8429 6273 13  4 84  0  0  0 2026-09-29 15:17:55
 3  0 8295508 1464412 281896 16290432    2    0     2    57 7830 5001 12  4 84  0  0  0 2026-09-29 15:18:05
 3  0 8295476 1413424 281896 16290436    0    0     0    30 7250 4378 11  5 84  0  0  0 2026-09-29 15:18:15
 3  0 8295464 1425196 281896 16290440    3    0     3    33 7152 4476 11  5 84  0  0  0 2026-09-29 15:18:25
 4  0 8295456 1411064 281896 16290560    1    0    13    62 7470 4743 11  5 84  0  0  0 2026-09-29 15:18:35
 2  0 8294884 1415564 281896 16290564   53    0    53    43 7164 4536 11  4 84  0  0  0 2026-09-29 15:18:45
 4  0 8294884 1414296 281896 16290572    1    0     1    35 7095 4374 11  5 84  0  0  0 2026-09-29 15:18:55
 3  0 8294796 1428644 281896 16290576   19    0    19    17 6998 4281 11  5 84  0  0  0 2026-09-29 15:19:05
 3  0 8294388 1400040 281896 16290584    9    0     9    41 6444 3828 11  4 85  0  0  0 2026-09-29 15:19:15
 3  0 8293912 1454548 281896 16290588   79    0    79    38 7646 4999 11  5 84  0  0  0 2026-09-29 15:19:25
 3  0 8293872 1365564 283276 16332556  136    0  4467   246 7962 5253 12  5 83  0  0  0 2026-09-29 15:19:35
 0  0 8293852 1373132 283280 16333644    3    0     6    67 6652 4902  8  3 89  0  0  0 2026-09-29 15:19:45
 0  0 8293848 1417148 283284 16333788    1    0    15    23 4130 4314  1  0 99  0  0  0 2026-09-29 15:19:55
 0  0 8293848 1399000 283288 16334084    0    0    28    55 4009 4229  1  0 99  0  0  0 2026-09-29 15:20:05
 1  0 8293612 1186848 286192 16351216   53    0 35995 12667 6923 5749  3  1 95  0  0  0 2026-09-29 15:20:15
 1  0 8293604 1267636 286324 16356724    3    0   508    94 10438 10637  1  4 95  0  0  0 2026-09-29 15:20:25
 0  0 8293596 1281772 286324 16356760    2    0     5    60 11539 11166  1  4 95  0  0  0 2026-09-29 15:20:35
 1  0 8293572 1279188 286324 16356768    5    0     5  1490 10448 10853  1  4 95  0  0  0 2026-09-29 15:20:45
 1  0 8293520 1340800 286948 16360524   14    0   450 12232 7389 7167  1  3 96  0  0  0 2026-09-29 15:20:55
 0  0 8293424 1349116 286948 16360524   20    0    20    41 3271 3650  0  0 99  0  0  0 2026-09-29 15:21:05
procs -----------memory---------- ---swap-- -----io---- -system-- -------cpu------- -----timestamp-----
 r  b   swpd   free   buff  cache   si   so    bi    bo   in   cs us sy id wa st gu                 BST
 0  0 8293412 1374320 286952 16360532    7    0     7    67 3798 3944  0  0 99  0  0  0 2026-09-29 15:21:15
 1  0 8293408 1362612 286952 16360660    1    0    10    16 3676 3929  0  0 99  0  0  0 2026-09-29 15:21:25
 0  0 8293404 1352044 286952 16360664    0    0     0    58 3919 3996  0  0 99  0  0  0 2026-09-29 15:21:35
 0  0 8293400 1367468 287084 16360876    0    0    35    34 4300 4236  1  0 99  0  0  0 2026-09-29 15:21:45
 0  0 8293388 1365952 287084 16360948    2    0     8    35 3766 3892  0  0 99  0  0  0 2026-09-29 15:21:55
 0  0 8293380 1330760 287084 16360952    0    0     0    29 3716 3917  0  0 99  0  0  0 2026-09-29 15:22:05
 0  0 8293372 1336124 287084 16360956    1    0     1    26 3854 4016  0  0 99  0  0  0 2026-09-29 15:22:15
 0  0 8293368 1389056 287084 16360956    1    0     1    33 3813 4066  0  0 99  0  0  0 2026-09-29 15:22:25
 0  0 8293320 1368504 287084 16360964   18    0    18    46 3849 4038  0  0 99  0  0  0 2026-09-29 15:22:35
 0  0 8293320 1371968 287084 16360968    3    0     3    46 3726 4016  0  0 99  0  0  0 2026-09-29 15:22:45
 1  0 8293312 1407308 287084 16360972    3    0     3    33 3238 3813  0  0 99  0  0  0 2026-09-29 15:22:55
 0  0 8293232 1399644 287084 16360972   18    0    18    20 3811 3944  1  0 99  0  0  0 2026-09-29 15:23:05
 0  0 8293232 1395112 287084 16360984    0    0     0    38 3699 3848  0  0 99  0  0  0 2026-09-29 15:23:15
 3  0 8293228 1364448 287220 16361068    0    0    14    19 8097 5689 12  4 84  0  0  0 2026-09-29 15:23:25
 4  0 8293180 1380248 287220 16361196    5    0    18    58 8874 6813 12  4 84  0  0  0 2026-09-29 15:23:35
 3  0 8293176 1373344 287220 16361204    1    0     1    28 9085 7164 13  4 83  0  0  0 2026-09-29 15:23:45
 3  0 8292776 1334112 287220 16364540   72    0   404    49 9248 7275 13  4 83  0  0  0 2026-09-29 15:23:55
 3  0 8292340 1307192 287220 16364548  100    0   100    40 9077 7078 13  4 83  0  0  0 2026-09-29 15:24:05
 3  0 8292340 1353596 287220 16364560    0    0     0    34 8911 6739 12  4 84  0  0  0 2026-09-29 15:24:15
 4  0 8292340 1357172 287220 16364564    0    0     0    19 8832 6707 12  4 84  0  0  0 2026-09-29 15:24:25
 3  0 8292316 1384904 287220 16364572    1    0     1    73 8382 6556 13  4 84  0  0  0 2026-09-29 15:24:35
procs -----------memory---------- ---swap-- -----io---- -system-- -------cpu------- -----timestamp-----
 r  b   swpd   free   buff  cache   si   so    bi    bo   in   cs us sy id wa st gu                 BST
 5  0 8292316 1360552 287220 16364588    0    0     0    26 9078 7081 13  4 83  0  0  0 2026-09-29 15:24:45
 2  0 8292316 1346072 287220 16364596    0    0     0    10 7608 5996 10  3 87  0  0  0 2026-09-29 15:24:55
 0  0 8292232 1373260 287220 16364828   14    0    36    59 3765 3982  1  0 99  0  0  0 2026-09-29 15:25:05
 0  0 8292224 1350320 287220 16364952    1    0    14    24 3784 3984  0  0 99  0  0  0 2026-09-29 15:25:15
 1  0 8292224 1361196 287220 16365080    0    0     6    18 3579 3860  0  0 99  0  0  0 2026-09-29 15:25:25
 3  0 8289572 1358944 287220 16365108  269    0   274   116 7707 6013  9  3 87  0  0  0 2026-09-29 15:25:35
 1  0 8289512 1385852 287220 16365144    6    0     6    56 5153 4670  3  1 95  0  0  0 2026-09-29 15:25:45
 0  0 8289508 1373440 287220 16365148    0    0     0    15 3709 3956  1  0 99  0  0  0 2026-09-29 15:25:55
 0  0 8289408 1391124 287220 16365280   22    0    27    21 4041 4492  0  0 99  0  0  0 2026-09-29 15:26:05
 4  0 8289168 1350076 287220 16365404   69    0    75   100 6504 6423  4  1 95  0  0  0 2026-09-29 15:26:15
 0  0 8288952 1365860 287360 16365484  186    0   200    18 9271 8549 10  3 87  0  0  0 2026-09-29 15:26:25
 0  0 8288716 1352392 287360 16365832  111    0   148    54 5973 6695  1  1 99  0  0  0 2026-09-29 15:26:35
 1  0 8288432 1310180 287496 16365900  166    0   179    57 6501 7585  1  1 98  0  0  0 2026-09-29 15:26:45
 0  0 8288068 1329216 287512 16366276   84    0   121    67 5797 6460  1  1 98  0  0  0 2026-09-29 15:26:55
 7  0 8287648 1275780 287516 16366412  100    0   106    32 5433 5910  1  1 99  0  0  0 2026-09-29 15:27:05
 0  0 8286516 1341580 287520 16366596   80    0    96    30 5276 5916  1  0 99  0  0  0 2026-09-29 15:27:15
 0  0 4089552 109335200 296676 13800592  369    0  4218   228 6688 6971  1  2 97  0  0  0 2026-09-29 15:27:25
