procs -----------memory---------- ---swap-- -----io---- -system-- -------cpu------- -----timestamp-----
 r  b   swpd   free   buff  cache   si   so    bi    bo   in   cs us sy id wa st gu                 BST
 5  0 3246928 120834152  56736 1814752  490 1815 38387  2881 7415    4  4  2 93  0  0  0 2026-09-29 14:10:29
 0  1 3246500 120839996  57220 1821140   74    0   717    93 3472 2810  1  0 99  0  0  0 2026-09-29 14:10:39
 0  0 3246376 120831660  57236 1821544    8    0    48    38 2604 2312  0  0 99  0  0  0 2026-09-29 14:10:49
 1  1 3241096 120493240  64064 1955108  760    0 14696   482 5334 5315  1  1 98  1  0  0 2026-09-29 14:10:59
 0  1 3240460 119484000  81700 2488228   63    0 46499  2906 5920 5483  4  1 93  2  0  0 2026-09-29 14:11:09
 1  0 3239804 118666772  99240 2710964  134    0 18606  2406 5812 5301  4  1 93  2  0  0 2026-09-29 14:11:19
 1  0 3239552 118397640 103428 3410532   68    0 66384  1791 6621 5402  6  1 91  2  0  0 2026-09-29 14:11:29
 1  0 3239388 117707164 104052 3437260   28    0  2156  5450 5466 3212  9  2 89  0  0  0 2026-09-29 14:11:39
 4  0 3238924 115624312 104136 3437772   53    0   114  5984 5261 3010  8  1 90  0  0  0 2026-09-29 14:11:49
 0  0 3238780 113464212 104300 3450400   24    0  1079  3754 6177 3518 11  2 88  0  0  0 2026-09-29 14:11:59
 2  0 3238204 40951412 104360 6640880  141    0 65142  1940 10353 10572  3  4 92  0  0  0 2026-09-29 14:12:09
 1  0 3237664 39072952 104388 9009512  103    0 236931   119 16709 20487  8  2 89  1  0  0 2026-09-29 14:12:19
 7  0 3237296 33588740 108556 12241828   50    0 323735   268 19599 24242  9  2 88  1  0  0 2026-09-29 14:12:29
 1  0 3235456 27992124 108608 15490208  418    0 325165   127 21950 27466  9  2 87  1  0  0 2026-09-29 14:12:39
 1  1 3235080 28856988 108628 18517720   42    0 302792    72 20308 25609  8  2 88  1  0  0 2026-09-29 14:12:49
 7  0 3234444 24945804 108644 21186608   94    0 267008    17 19630 24688  8  2 88  1  0  0 2026-09-29 14:12:59
 2  0 3233764 20163688 108660 23939392   16    0 275476    25 19516 24337  8  2 88  1  0  0 2026-09-29 14:13:09
 1  0 3233632 15459508 108676 26591948   12    0 265068    58 19421 24322  8  2 89  1  0  0 2026-09-29 14:13:19
13  0 3233504 18250368 108704 29138140   32    0 254793    26 18674 23068  8  3 89  1  0  0 2026-09-29 14:13:29
13  0 3233448 12672536 108752 32404624    6    0 326518    46 20411 25931  9  2 88  1  0  0 2026-09-29 14:13:39
14  0 3233380 7029036 108768 35652340   10    0 324824    52 21055 26309  9  2 88  1  0  0 2026-09-29 14:13:49
procs -----------memory---------- ---swap-- -----io---- -system-- -------cpu------- -----timestamp-----
 r  b   swpd   free   buff  cache   si   so    bi    bo   in   cs us sy id wa st gu                 BST
 3  0 3233172 8584216 108768 38379708   18    0 272730    29 21376 27981  8  3 88  1  0  0 2026-09-29 14:13:59
 2  0 3232576 4274664 108784 40934152   50    0 255502    22 19328 24413  8  2 88  1  0  0 2026-09-29 14:14:09
 1  0 3291748 4074520  34272 40022980  941 6422 279482  6444 19724 24690  8  3 87  2  0  0 2026-09-29 14:14:19
 5  0 3310568 4071872  29464 38256712  498 2062 244238  2136 17786 22671  8  2 88  1  0  0 2026-09-29 14:14:29
 2  0 3347736 9949452  29496 38008392  227 3855 214766  3903 17311 21606  7  3 88  1  0  0 2026-09-29 14:14:39
 1  0 3346576 5010448  29792 40832556  206    0 282663    32 19778 25299  9  2 88  1  0  0 2026-09-29 14:14:49
 3  0 3415852 4274128  29524 39663676  112 7008 272608  7084 18907 24425  8  2 88  1  0  0 2026-09-29 14:14:59
 3  0 3484056 4220604  29608 37766696 2486 8363 288077  8460 20301 26164  8  3 87  2  0  0 2026-09-29 14:15:09
 1  0 3489480 7969540  30328 39297052   78  590 213173   617 17882 22819  7  3 89  1  0  0 2026-09-29 14:15:19
 1  0 3489252 3999372  30372 41455324   54    0 246309    48 17926 22965  8  2 89  1  0  0 2026-09-29 14:15:29
 7  0 3543424 4168040  30272 39595684  401 5446 233583  5555 17363 22276  8  2 88  1  0  0 2026-09-29 14:15:39
 7  0 5396384 4126852  20776 39752008   88 182206 226692 182266 18865 23099  8  4 87  1  0  0 2026-09-29 14:15:49
 3  0 6764060 8410584  18956 42248032  229 133321 250577 133339 20011 26023  8  4 87  1  0  0 2026-09-29 14:15:59
 3  0 7135604 4030000  19060 44992612  184 36020 274816 36048 19524 25032  8  3 88  1  0  0 2026-09-29 14:16:09
 6  0 9241580 4213840  18840 45018036  111 202115 256215 202193 19653 24187  8  4 86  1  0  0 2026-09-29 14:16:19
 2  0 9245136 10696908  22028 43208768  108  590 256467   635 17635 21825  8  3 87  1  0  0 2026-09-29 14:16:29
 2  0 9242436 7398396  23988 45056756  331    0 185304    82 13901 15048  9  2 88  0  0  0 2026-09-29 14:16:39
 2  0 9280160 6035224  24044 47348508  411 3879 259412  3985 16720 20719  8  3 88  1  0  0 2026-09-29 14:16:49
 2  0 9318764 4087784  17492 46756868  123 4252 287906  4354 18432 20234  8  5 87  0  0  0 2026-09-29 14:16:59
 2  1 9711652 6949516  14940 40439720 1566 42028 401953 42347 11833 13345  5  3 91  1  0  0 2026-09-29 14:17:09
 1  0 9735020 7247676  14248 36962712  348 2758 326078  3261 11034 12484  5  2 92  0  0  0 2026-09-29 14:17:19
procs -----------memory---------- ---swap-- -----io---- -system-- -------cpu------- -----timestamp-----
 r  b   swpd   free   buff  cache   si   so    bi    bo   in   cs us sy id wa st gu                 BST
 3  0 9743968 8228828  13848 32717600  326 1362 323159  1380 10831 12991  5  3 92  0  0  0 2026-09-29 14:17:29
 2  0 9701892 4409188  14112 33124436 5001  511 352846   772 11699 13719  6  2 91  1  0  0 2026-09-29 14:17:39
 1  0 9698424 4366784  10988 30136112  797  456 303737   747 10418 11907  5  2 92  0  0  0 2026-09-29 14:17:49
 3  0 9697308 4930704   8988 27215540  194   95 230750   116 9117 10546  5  2 92  0  0  0 2026-09-29 14:17:59
 2  0 9695532 3940608   9052 26610912  238  263 166201   332 12333 12465  7  2 91  0  0  0 2026-09-29 14:18:09
 1  0 9695064 28040992   8180 25093152  178   85 148464   194 9061 9870  4  4 92  0  0  0 2026-09-29 14:18:19
 1  1 9551644 21376948  17680 26280464 16706    0 136290   187 14641 14521  4  3 90  4  0  0 2026-09-29 14:18:29
 0  1 9469992 16493824  18024 31351672 8149    0 515296   173 13996 13686  5  2 89  5  0  0 2026-09-29 14:18:39
 0  1 9468716 11781988  18052 36092500  110    0 474193    57 8688 9930  1  1 94  3  0  0 2026-09-29 14:18:49
 1  1 9466576 5947412  19540 41921044  154    0 582490   102 9726 11699  2  1 93  4  0  0 2026-09-29 14:18:59
 1  1 9463260 1154812  19560 46820892  394    0 489751    48 9376 11560  2  1 94  3  0  0 2026-09-29 14:19:09
 1  0 9463088 1333648  19184 46405216  126  366 455152   480 9453 11777  2  2 93  3  0  0 2026-09-29 14:19:19
 1  1 9445828 1638828  19608 46196060 3030 1340 220202  1410 10851 12882  5  2 92  1  0  0 2026-09-29 14:19:29
 2  0 9668124 1561720  16180 45832640  439 22355 157944 22400 12559 15189  6  2 90  1  0  0 2026-09-29 14:19:39
 2  0 9235380 2110764  16196 45840928 46007    0 46817    12 10944 13825  1  1 94  5  0  0 2026-09-29 14:19:49
 1  0 9097964 2671260  17628 46801484 13013    0 67105   130 8333 9493  4  1 93  2  0  0 2026-09-29 14:19:59
 5  0 9085652 3992004  15748 45055280 1764  400 36180 11471 9726 8023  8  2 89  1  0  0 2026-09-29 14:20:09
 3  1 9080756 3784808  18140 45092892  467    0  3106  9635 13579 11804  8  2 89  0  0  0 2026-09-29 14:20:19
 2  0 9078372 3775972  18252 45114816  233    0   993    85 12223 10015  6  4 90  0  0  0 2026-09-29 14:20:29
 3  0 9057548 3627148  18508 45135096 1975    0  2777    77 14079 12780  6  4 89  0  0  0 2026-09-29 14:20:39
 1  0 9043292 3094840  24884 45233296 1426    0 10212  5362 14625 13010  5  4 90  1  0  0 2026-09-29 14:20:49
procs -----------memory---------- ---swap-- -----io---- -system-- -------cpu------- -----timestamp-----
 r  b   swpd   free   buff  cache   si   so    bi    bo   in   cs us sy id wa st gu                 BST
 3  0 4040396 81087324  35660 42297080  310    0  4121  5042 10886 9409  2  6 92  0  0  0 2026-09-29 14:20:59
