procs -----------memory---------- ---swap-- -----io---- -system-- -------cpu------- -----timestamp-----
 r  b   swpd   free   buff  cache   si   so    bi    bo   in   cs us sy id wa st gu                 BST
 2  0 1900920 120522928  85576 3524020  240 2150 29002  4064 4710    2  2  1 97  0  0  0 2026-09-29 13:20:13
 1  1 1900900 119872316  90384 3636988    2    0  3874  4201 7080 4330  7  1 92  1  0  0 2026-09-29 13:20:23
 2  0 1900900 119038616 110468 3878656    0    0 17966  2549 3916 3402  4  1 93  2  0  0 2026-09-29 13:20:33
 3  1 1900900 117804636 114292 4404820    0    0 48518  1781 4317 2741  7  1 90  1  0  0 2026-09-29 13:20:43
 1  0 1900900 118173272 114876 4434540    1    0  2354  8184 4796 1827 10  2 88  0  0  0 2026-09-29 13:20:53
 0  0 1900884 117525360 115180 4438636    1    0   184  5344 3198 1458  6  1 93  0  0  0 2026-09-29 13:21:03
 0  0 1900884 117503636 115196 4438672    0    0     0  3576 2054 1168  1  0 98  0  0  0 2026-09-29 13:21:13
 0  0 1900884 117485840 115212 4438812    1    0     1  1844 2033 1155  1  0 98  0  0  0 2026-09-29 13:21:23
 0  0 1900884 117525284 115228 4438780    0    0     0   180 1993 1134  1  0 98  0  0  0 2026-09-29 13:21:33
 0  0 1900876 117548792 115236 4438780    5    0     5     6 2095 1137  1  0 99  0  0  0 2026-09-29 13:21:43
 3  1 1900720 44148964 115316 8046972   26    0 106723  1046 10917 11224  5  4 91  1  0  0 2026-09-29 13:21:53
 3  0 1900716 40154464 115328 11527344    1    0 348018    35 17731 22851  9  2 88  1  0  0 2026-09-29 13:22:03
 1  0 1900700 34364404 115336 15152260    3    0 362520     3 18706 23956  9  2 87  2  0  0 2026-09-29 13:22:13
 9  0 1900660 28564300 115344 18693264    7    0 354123  1070 18875 24225  9  2 87  1  0  0 2026-09-29 13:22:23
 8  0 1900552 28872360 115388 22139640   13    0 344678   837 17738 22678  8  2 88  1  0  0 2026-09-29 13:22:33
 2  1 1900532 22818016 115396 25862292    1    0 372380     3 18168 23682  9  2 87  2  0  0 2026-09-29 13:22:43
 2  0 1900516 23223588 115408 29078544    2    0 321490   972 17378 21730  9  2 87  1  0  0 2026-09-29 13:22:53
 1  1 1900480 17450172 115416 32806288    4    0 372734    13 18877 24133 10  2 87  1  0  0 2026-09-29 13:23:03
 1  1 1900320 11622256 115424 36397524   58    0 359308     3 19258 24532 10  2 87  1  0  0 2026-09-29 13:23:13
 4  1 1900316 11809192 115444 39869092    2    0 347114  1060 17328 22098  9  2 88  1  0  0 2026-09-29 13:23:23
 1  0 1900260 5990860 115452 43464428   21    0 359572     5 18846 24084  9  2 87  1  0  0 2026-09-29 13:23:33
procs -----------memory---------- ---swap-- -----io---- -system-- -------cpu------- -----timestamp-----
 r  b   swpd   free   buff  cache   si   so    bi    bo   in   cs us sy id wa st gu                 BST
 7  0 3555496 4923912  46412 44320056   22 161780 323147 161788 18298 22503  9  4 86  1  0  0 2026-09-29 13:23:43
 2  0 4398720 8619412  26904 45763228 3042 73779 263950 73784 16263 20242  8  4 86  2  0  0 2026-09-29 13:23:53
 2  0 4413560 5050936  26312 47708360   93 1485 271797  2570 16038 20120  9  4 86  1  0  0 2026-09-29 13:24:03
 1  0 4413836 4968316  24716 45732560  114  116 330211   127 17268 22221 10  2 86  2  0  0 2026-09-29 13:24:13
 3  0 4413748 9281632  18864 45385252  173   67 298740    73 16200 21404  8  3 88  1  0  0 2026-09-29 13:24:23
 3  0 4413708 5246336  18800 47472076   86    2 331841  1084 16709 22194  9  2 88  1  0  0 2026-09-29 13:24:33
 1  0 4413880 5285368  18520 45424984   74   25 324430    33 15893 21216  9  2 88  1  0  0 2026-09-29 13:24:43
 2  0 4413760 9266352  18540 45497600  102   38 296278    41 16214 21322  8  3 87  1  0  0 2026-09-29 13:24:53
 1  0 4413636 5319412  18580 47461332  143    0 317543  1005 16769 21329 10  2 86  2  0  0 2026-09-29 13:25:03
 6  0 4413544 5026876  18484 45710580  120    1 325584     8 16904 21792  9  2 87  2  0  0 2026-09-29 13:25:13
 3  0 4413496 7342420  18432 46418812  454    0 391836    11 15133 19387  8  3 88  2  0  0 2026-09-29 13:25:23
 2  0 4413488 5688200  18504 48115512  367    0 292088  1044 12412 15365  7  2 90  1  0  0 2026-09-29 13:25:33
 3  0 4413372 6515972  18472 45831748   65    0 192491     6 6658 7080  6  2 92  0  0  0 2026-09-29 13:25:43
 2  0 4436592 5795348  11544 44020584   72 2724 264694  2727 6915 7122  6  2 92  0  0  0 2026-09-29 13:25:53
 3  0 4505216 6211732  10504 42290804  103 6311 145936  7281 7046 6631  6  3 91  0  0  0 2026-09-29 13:26:03
 2  0 4515604 6223100   8276 41035156  106 2061 134335  2068 6863 6599  6  2 92  0  0  0 2026-09-29 13:26:13
 5  0 4553948 6614200   8196 38653948  142 3478 199998  3483 6729 6826  6  2 92  0  0  0 2026-09-29 13:26:23
 2  0 4553752 5928168   8108 38124344   72    5 127236   930 5811 5878  6  1 92  0  0  0 2026-09-29 13:26:33
 2  0 4554012 7839972   8056 33114496  121   61 310219    68 6789 6822  6  2 92  0  0  0 2026-09-29 13:26:43
 2  0 4554136 8716736   8064 30569552   73   90 165929    93 6680 6609  6  2 92  0  0  0 2026-09-29 13:26:53
 3  0 4554164 8831788   8364 29158892   41   11 129343   964 7828 9316  6  2 92  0  0  0 2026-09-29 13:27:03
procs -----------memory---------- ---swap-- -----io---- -system-- -------cpu------- -----timestamp-----
 r  b   swpd   free   buff  cache   si   so    bi    bo   in   cs us sy id wa st gu                 BST
 2  1 4554032 5471876   8088 29795656   96    2 274144    11 7212 7101  7  2 91  0  0  0 2026-09-29 13:27:13
 3  0 4553820 5705188   8088 28288204   62    0 126384     4 7019 6862  6  2 92  0  0  0 2026-09-29 13:27:23
 2  0 4553684 6629308   8104 26202172   52    0 122024   996 6117 6054  6  2 92  0  0  0 2026-09-29 13:27:33
 1  0 4553400 6733648   7988 23442344  170    0 295648    14 7226 6846  7  2 91  0  0  0 2026-09-29 13:27:43
 0  1 4475752 26960684   8832 23608700 12840    0 29444    16 7096 7142  2  3 92  3  0  0 2026-09-29 13:27:53
 1  1 4474376 22043548   9756 26753620 6881    0 321439    76 7471 8008  2  1 93  4  0  0 2026-09-29 13:28:03
 1  1 4474136 16397296  10028 32316412   27    0 556404  1004 6503 7562  3  1 93  3  0  0 2026-09-29 13:28:13
 2  1 4474048 11288572  10036 37410068   10    0 509344    40 6398 6601  1  1 94  4  0  0 2026-09-29 13:28:23
 0  1 4473916 4538760  10052 43457984   19    0 604746    31 6517 7672  2  1 93  3  0  0 2026-09-29 13:28:33
 1  0 4473752 1717540   8668 47009432   24    0 592956   971 6440 7734  2  1 93  3  0  0 2026-09-29 13:28:43
 0  1 4462680 1931828   7604 46663664 20238  604 423750  1188 11519 15128  4  2 89  4  0  0 2026-09-29 13:28:53
 0  0 4461980 6147968   8204 46765924 16350    0 23289    11 4985 5992  1  0 97  2  0  0 2026-09-29 13:29:03
 0  0 4461624 6107536   8464 46780764   78    0  1561     5 2991 2834  1  0 98  0  0  0 2026-09-29 13:29:13
 0  0 4461408 6143852   8480 46784708   44    0   426   925 2972 2813  1  0 98  0  0  0 2026-09-29 13:29:23
 1  0 4460808 5691788   8504 46805128 7454    0  9483    28 4492 4537  2  0 96  1  0  0 2026-09-29 13:29:33
 2  0 4458264 3367484   9456 46487760 2335   12 57392    65 5157 4259  6  2 92  1  0  0 2026-09-29 13:29:43
 2  0 4457800 3277928  10320 46505696  220    0  1412   934 4787 3001  9  1 90  0  0  0 2026-09-29 13:29:53
 3  0 4457296 3300376  10640 46521644  146    0   356    44 4193 3069  6  1 93  0  0  0 2026-09-29 13:30:03
 4  0 4456960 3340580  10984 46545408   95    0  1109 12183 4215 2863  7  1 92  0  0  0 2026-09-29 13:30:13
 1  0 4456564 3172292  11080 46559036   82    0   134  1916 3845 2829  6  0 93  0  0  0 2026-09-29 13:30:23
 1  0 4456016 3695360  15424 46663460 1411    0 11121  1741 4929 4213  5  2 93  1  0  0 2026-09-29 13:30:33
procs -----------memory---------- ---swap-- -----io---- -system-- -------cpu------- -----timestamp-----
 r  b   swpd   free   buff  cache   si   so    bi    bo   in   cs us sy id wa st gu                 BST
 2  0 4463268 1782544  13368 17381572  330 1414  3684  7063 5230 3500  4  5 91  0  0  0 2026-09-29 13:30:43
 1  0 4462636 1246284  14324 17462332  295    0  7030   108 4314 3355  4  0 95  0  0  0 2026-09-29 13:30:53
 1  0 4462456 2254940  14088 16002688   45    0  2442    15 4710 3018  7  1 92  0  0  0 2026-09-29 13:31:03
 2  0 4462324 3521244  14164 14484904   17    0  5775   702 5498 3584  7  1 92  0  0  0 2026-09-29 13:31:13
 1  0 4462184 3501776  14356 14249060   19    0  1707  1599 5080 3437  6  1 92  0  0  0 2026-09-29 13:31:23
 2  0 4462092 3664556  14184 12838776   14    0  4681   242 4887 2976  9  1 90  0  0  0 2026-09-29 13:31:33
 2  0 4461672 2833376  14520 12649228  109    0  1879   655 4515 3147  7  1 92  0  0  0 2026-09-29 13:31:43
 2  0 4461348 4398688  17512 12738152   33    0  6974  1400 3806 3157  5  1 94  1  0  0 2026-09-29 13:31:53
 0  0 4461272 4761324  17520 12738796   12    0    77    73 2751 2567  1  0 98  0  0  0 2026-09-29 13:32:03
 0  0 4461204 5084676  17540 12739532   10    0    68   661 3277 2763  2  0 97  0  0  0 2026-09-29 13:32:13
 0  0 4461140 5185232  17816 12748676   12    0   930  2638 3103 2875  1  0 98  0  0  0 2026-09-29 13:32:23
 0  0 4461112 5223000  17836 12749780    7    0   116  1451 2959 2679  1  0 98  0  0  0 2026-09-29 13:32:33
 0  0 4460912 4903908  18568 12897808   39    0 12968   660 7373 5498  5  1 94  0  0  0 2026-09-29 13:32:43
 1  0 4460816 4969608  18580 12898080    5    0    32   616 5160 4913  5  1 94  0  0  0 2026-09-29 13:32:53
 1  0 4460628 4982580  18724 12899140   12    0   130   402 5217 4850  5  1 94  0  0  0 2026-09-29 13:33:03
 1  0 4460532 5003404  18732 12899316   11    0    32     6 5181 4790  5  1 94  0  0  0 2026-09-29 13:33:13
 1  0 4460476 4939264  18744 12900392   10    0    63   803 5434 4906  5  1 93  0  0  0 2026-09-29 13:33:23
 2  0 4460452 4971548  18756 12900480   21    0    48    12 4678 4264  5  1 94  0  0  0 2026-09-29 13:33:33
 1  0 4460236 4986148  18764 12900700   23    0    27   268 4599 4549  5  1 94  0  0  0 2026-09-29 13:33:43
 1  0 4460196 4995392  18772 12900704    5    0     5    56 5100 4678  5  1 94  0  0  0 2026-09-29 13:33:53
 1  0 4460112 4997104  18780 12901088   10    0    48   423 5247 4865  5  1 94  0  0  0 2026-09-29 13:34:03
procs -----------memory---------- ---swap-- -----io---- -system-- -------cpu------- -----timestamp-----
 r  b   swpd   free   buff  cache   si   so    bi    bo   in   cs us sy id wa st gu                 BST
 1  0 4459904 4996464  18796 12902004   28    0   120   222 5245 4741  5  1 94  0  0  0 2026-09-29 13:34:13
 1  0 4459816 5004020  18804 12902096   13    0    22     5 5409 4987  5  1 94  0  0  0 2026-09-29 13:34:23
 1  0 4459580 5001088  18812 12902336   36    0    60   521 5096 4605  5  1 94  0  0  0 2026-09-29 13:34:33
 1  0 4459576 4978652  18820 12902424    1    0     9   219 5093 4806  5  1 94  0  0  0 2026-09-29 13:34:43
 1  0 4459564 4986748  18828 12902684    1    0    27     9 4223 4201  4  1 95  0  0  0 2026-09-29 13:34:53
 0  0 4459308 4997228  18836 12902708   35    0    38     4 4167 4122  3  1 96  0  0  0 2026-09-29 13:35:03
 2  0 4459300 3677436  18384 12659076    8    0     8   739 3475 2713  6  2 92  0  0  0 2026-09-29 13:35:13
 0  0 4459228 3614916  18452 12668616    9    0   946     4 3573 3119  3  1 96  0  0  0 2026-09-29 13:35:23
 1  0 4459132 3608436  18460 12668828   14    0    35     7 4431 4200  4  1 95  0  0  0 2026-09-29 13:35:33
 1  0 4459116 3604404  18680 12673820    3    0   522     6 5459 5168  5  1 94  0  0  0 2026-09-29 13:35:43
 2  0 4459096 3587972  18688 12674000    7    0    25   602 3654 3580  2  1 97  0  0  0 2026-09-29 13:35:53
 0  0 4458912 3602576  18696 12674212   17    0    32     8 3856 3774  3  1 96  0  0  0 2026-09-29 13:36:03
 1  0 4458848 3547496  18704 12674356   11    0    25     4 4954 4688  4  1 95  0  0  0 2026-09-29 13:36:13
 1  0 4458764 3553416  18712 12674356   17    0    17   695 4350 4192  4  1 95  0  0  0 2026-09-29 13:36:23
 1  0 4458496 3537308  18720 12674428   93    0   100     4 5361 5057  5  1 94  0  0  0 2026-09-29 13:36:33
 0  0 4458480 3529720  18728 12674496    8    0    16     6 4265 4071  3  1 96  0  0  0 2026-09-29 13:36:43
 1  0 4458464 3560524  18736 12674496    9    0     9   635 2817 3025  3  0 97  0  0  0 2026-09-29 13:36:53
 0  0 4458388 3535088  18748 12675104   11    0    11     4 3806 3752  3  1 96  0  0  0 2026-09-29 13:37:03
 1  0 4458332 3533644  18768 12675316   10    0    31    21 3914 3705  3  1 96  0  0  0 2026-09-29 13:37:13
 1  0 4458212 3548356  18776 12675316   16    0    16     5 4118 3942  4  1 96  0  0  0 2026-09-29 13:37:23
 0  0 4457804 3557364  18784 12675320  102    0   102   719 5025 4879  4  1 95  0  0  0 2026-09-29 13:37:33
procs -----------memory---------- ---swap-- -----io---- -system-- -------cpu------- -----timestamp-----
 r  b   swpd   free   buff  cache   si   so    bi    bo   in   cs us sy id wa st gu                 BST
 1  0 4457516 3534328  18824 12675412   95    0   104   450 4643 4382  5  1 94  0  0  0 2026-09-29 13:37:43
 2  0 4457292 3541804  18832 12675608   48    0    61     3 4906 4619  4  1 95  0  0  0 2026-09-29 13:37:53
 2  0 4456844 3521436  18848 12675756   13    0    28   623 5039 4748  5  1 94  0  0  0 2026-09-29 13:38:03
 1  0 4456712 3509592  18856 12675872   22    0    34     3 4409 4270  4  1 95  0  0  0 2026-09-29 13:38:13
 0  0 4456660 3531076  18864 12676104    9    0    33     7 3711 3578  3  1 97  0  0  0 2026-09-29 13:38:23
 3  0 4456660 3544824  18872 12676112    0    0     0   644 3032 3142  3  1 96  0  0  0 2026-09-29 13:38:33
 1  0 4456540 3530016  18880 12676116   14    0    14     4 4117 3816  4  1 95  0  0  0 2026-09-29 13:38:43
 0  0 4456420 3526592  18888 12676116   15    0    15     4 3638 3509  3  1 97  0  0  0 2026-09-29 13:38:53
 2  0 4456164 3517312  19160 12677148   88    0   197     7 4064 3814  3  1 96  0  0  0 2026-09-29 13:39:03
 0  0 4456096 3523528  19168 12677564   26    0    66   688 3942 3844  3  1 96  0  0  0 2026-09-29 13:39:13
 1  0 4455976 3517916  19396 12677696   18    0    40    10 3879 3646  3  1 96  0  0  0 2026-09-29 13:39:23
 1  0 4455944 3506056  19404 12677756    7    0    13     3 4339 3966  4  1 95  0  0  0 2026-09-29 13:39:33
 2  0 4455936 3425208  19412 12680880   12    0   324   642 4130 3151  5  2 93  0  0  0 2026-09-29 13:39:43
 1  0 4455852 3432920  19420 12680880   12    0    12     6 5364 4860  5  1 93  0  0  0 2026-09-29 13:39:53
 1  0 4455840 3383360  19436 12681152    4    0    46     7 4749 4499  4  1 95  0  0  0 2026-09-29 13:40:03
 1  0 4455836 3415180  19444 12681368    1    0     1   716 4346 4300  5  1 94  0  0  0 2026-09-29 13:40:13
 2  0 4455820 3426988  19452 12681372    5    0     5     4 5411 4993  5  1 94  0  0  0 2026-09-29 13:40:23
 1  0 4455776 3431128  19460 12681500   13    0    26     6 5381 5021  5  1 94  0  0  0 2026-09-29 13:40:33
 1  0 4455772 3427804  19472 12681680    0    0     7     6 5258 4916  5  1 94  0  0  0 2026-09-29 13:40:43
 1  0 4455768 3410976  19480 12681680    0    0     0   748 5320 4944  5  1 94  0  0  0 2026-09-29 13:40:53
 2  0 4455760 3421492  19488 12681684    0    0     0     6 5108 4717  5  1 94  0  0  0 2026-09-29 13:41:03
procs -----------memory---------- ---swap-- -----io---- -system-- -------cpu------- -----timestamp-----
 r  b   swpd   free   buff  cache   si   so    bi    bo   in   cs us sy id wa st gu                 BST
 2  0 4455748 3403700  19496 12681860    3    0    11     3 6338 5413  5  1 93  0  0  0 2026-09-29 13:41:13
 1  0 4455724 3445192  19504 12682032    2    0    15   844 4648 3579  7  2 92  0  0  0 2026-09-29 13:41:23
 1  0 4455716 3480732  19512 12682036    5    0     5     6 3420 3253  3  1 96  0  0  0 2026-09-29 13:41:33
 1  0 4455656 3488852  19520 12682036   10    0    16     9 2221 2355  1  0 99  0  0  0 2026-09-29 13:41:43
 0  0 4455648 3489496  19528 12682128    0    0     3   773 1542 1854  1  0 99  0  0  0 2026-09-29 13:41:53
 1  0 4455640 3475504  19536 12682180    3    0     8     6 2285 2370  1  0 99  0  0  0 2026-09-29 13:42:03
 1  0 4455640 3504096  19544 12682184    2    0     2     6 4678 4018  5  1 93  0  0  0 2026-09-29 13:42:13
 0  0 4455636 3443000  19552 12682192    1    0     1     5 2425 2405  1  0 98  0  0  0 2026-09-29 13:42:23
 0  0 4455636 3463300  19560 12682628    0    0    43   836 2345 2375  1  0 99  0  0  0 2026-09-29 13:42:33
 0  0 4455636 3461608  19616 12682756    0    0     0   705 2339 2359  1  0 99  0  0  0 2026-09-29 13:42:43
 1  0 4455628 3470240  19624 12682912    0    0    15     3 3536 3254  3  1 96  0  0  0 2026-09-29 13:42:53
 1  0 4455628 3490744  19632 12682912    0    0     0   747 4755 4146  5  1 93  0  0  0 2026-09-29 13:43:03
 1  0 4455624 3468660  19640 12682964    2    0     6     6 4822 4273  6  1 93  0  0  0 2026-09-29 13:43:13
 2  0 4455620 3460616  19656 12683044    1    0    12     9 4660 4061  6  1 93  0  0  0 2026-09-29 13:43:23
 1  0 4455620 3466580  19664 12683048    0    0     0   851 4564 3734  8  1 91  0  0  0 2026-09-29 13:43:33
 1  0 4455592 3463780  19680 12683180    3    0    16     7 4543 3787  6  1 93  0  0  0 2026-09-29 13:43:43
 1  0 4455564 3453380  19688 12683180    4    0     4     9 4501 3932  6  1 93  0  0  0 2026-09-29 13:43:53
 3  0 4455560 3479836  19696 12683180    0    0     0     3 4722 4047  5  1 93  0  0  0 2026-09-29 13:44:03
 0  0 4455556 3478836  19704 12683188    1    0     1   760 2439 2446  1  0 98  0  0  0 2026-09-29 13:44:13
 0  0 4455532 3467416  19712 12683180    9    0     9     5 2344 2364  1  0 99  0  0  0 2026-09-29 13:44:23
 0  0 4455408 3433844  19720 12683212   16    0    18     3 2461 2401  1  0 99  0  0  0 2026-09-29 13:44:33
procs -----------memory---------- ---swap-- -----io---- -system-- -------cpu------- -----timestamp-----
 r  b   swpd   free   buff  cache   si   so    bi    bo   in   cs us sy id wa st gu                 BST
 1  1 4455408 3465260  19732 12683336    0    0     0   845 3430 3175  3  1 96  0  0  0 2026-09-29 13:44:43
 1  0 4455408 3467644  19744 12683344    0    0     0     2 3542 3225  3  1 96  0  0  0 2026-09-29 13:44:53
 1  0 4455368 3425064  19752 12683344    5    0     5     8 2352 2347  1  0 99  0  0  0 2026-09-29 13:45:03
 1  0 4455368 3457368  19760 12683356    0    0     0   839 1468 1857  1  0 99  0  0  0 2026-09-29 13:45:13
 0  0 4455356 3468604  19768 12683364    2    0     2     5 2248 2341  1  0 99  0  0  0 2026-09-29 13:45:23
 0  0 4455332 3471308  19776 12683616    2    0    27     6 4564 4094  5  1 94  0  0  0 2026-09-29 13:45:33
 1  0 4455296 3743904  18468 12126856    8    0   978     6 3622 2578  5  1 93  0  0  0 2026-09-29 13:45:43
 1  0 4455212 3732384  18484 12127196   33    0    67   833 4122 2557  8  2 90  0  0  0 2026-09-29 13:45:53
 1  0 4455156 3724472  18492 12127572   27    0    64     8 4413 3418  6  1 93  0  0  0 2026-09-29 13:46:03
 1  0 4455152 3738344  18500 12127608    1    0     1     3 4895 4245  6  1 93  0  0  0 2026-09-29 13:46:13
 1  0 4455124 3718072  18508 12128080    5    0    52   840 4583 4153  5  1 93  0  0  0 2026-09-29 13:46:23
 2  0 4454892 3710300  18516 12128548   72    0   118     6 4819 4262  5  1 94  0  0  0 2026-09-29 13:46:33
 0  0 4454888 3715028  18524 12128548    0    0     0     7 3762 3672  5  1 94  0  0  0 2026-09-29 13:46:43
 1  0 4454888 3716664  18532 12129080    8    0    47   837 5439 4183  8  1 91  0  0  0 2026-09-29 13:46:53
 1  0 4454836 3723348  18548 12129200   18    0    30     9 4747 4103  5  1 93  0  0  0 2026-09-29 13:47:03
 1  0 4454836 3724572  18556 12129200    2    0     2     8 4635 4195  5  1 93  0  0  0 2026-09-29 13:47:13
 1  0 4454732 3738616  18564 12129316   32    0    43     4 4869 4241  5  1 93  0  0  0 2026-09-29 13:47:23
 1  0 4454696 3731416  18572 12129560    8    0    32   808 4742 4223  5  1 93  0  0  0 2026-09-29 13:47:33
 1  0 4454532 3719900  18620 12129660   79    0    88   558 4867 4253  5  1 93  0  0  0 2026-09-29 13:47:43
 2  0 4454528 3682392  18628 12129848    1    0    20     3 5036 4209  6  1 93  0  0  0 2026-09-29 13:47:53
 2  0 4454496 3724380  18644 12130032    5    0    23   767 5151 4298  7  1 92  0  0  0 2026-09-29 13:48:03
procs -----------memory---------- ---swap-- -----io---- -system-- -------cpu------- -----timestamp-----
 r  b   swpd   free   buff  cache   si   so    bi    bo   in   cs us sy id wa st gu                 BST
 1  0 4454480 3724632  18652 12130032    6    0     6    10 3629 3552  5  1 94  0  0  0 2026-09-29 13:48:13
 2  0 4454400 3722464  18660 12130604   15    0    72     3 4780 4218  5  1 93  0  0  0 2026-09-29 13:48:23
 1  0 4454272 3724672  18668 12130752   45    0    60   794 4750 4233  5  1 94  0  0  0 2026-09-29 13:48:33
 1  0 4454180 3719184  18676 12131228   31    0    78     5 4750 4164  5  1 93  0  0  0 2026-09-29 13:48:43
 1  0 4454120 3708676  18684 12131804   12    0    69     7 4697 4218  5  1 93  0  0  0 2026-09-29 13:48:53
 2  0 4454064 3689824  18692 12131956    8    0    10     4 5380 4253  7  1 91  0  0  0 2026-09-29 13:49:03
 2  0 4453948 3693592  18708 12132128   19    0    36   846 4852 4274  6  1 93  0  0  0 2026-09-29 13:49:13
 1  0 4453900 3695084  18716 12132128   22    0    22     5 4764 4236  5  1 93  0  0  0 2026-09-29 13:49:23
 1  0 4453768 3685100  18724 12132612   39    0    87    10 4756 4221  5  1 93  0  0  0 2026-09-29 13:49:33
 3  0 4453752 3691648  18732 12132624    2    0     3   752 4197 3884  5  1 94  0  0  0 2026-09-29 13:49:43
 2  0 4453672 3704384  18740 12132624   33    0    33     6 4042 3883  5  1 94  0  0  0 2026-09-29 13:49:53
 1  0 4453608 3697352  18752 12132788   23    0    62     3 4846 4209  5  1 93  0  0  0 2026-09-29 13:50:03
 1  0 4453540 3623384  18800 12137552  938    0  1327    18 5439 4480  8  1 91  0  0  0 2026-09-29 13:50:13
 1  1 4453404 2215992  18820 12458532   60    0   518  2534 3847 3009  6  1 93  0  0  0 2026-09-29 13:50:23
 1  0 4453256 1373964  18120 11462656   25    0    37   847 3455 2408  6  1 94  0  0  0 2026-09-29 13:50:33
 1  0 4453100 1657172  18188 11471232   61    0   904    21 3542 2469  6  0 94  0  0  0 2026-09-29 13:50:43
 0  0 4452992 1590140  18196 11471468   16    0    33  2932 3258 2387  5  0 94  0  0  0 2026-09-29 13:50:53
 0  0 4452956 1584052  18204 11472344    5    0    92     8 2367 2374  1  0 99  0  0  0 2026-09-29 13:51:03
 1  0 4452956 1574440  18440 11478020    1    0   588     4 2363 2449  1  0 99  0  0  0 2026-09-29 13:51:13
 0  0 4452952 1666676  18448 11478172    0    0    16   946 1412 1859  0  0 99  0  0  0 2026-09-29 13:51:23
 1  0 4452924 1683524  18456 11478332   26    0    35     8 2322 2410  1  0 99  0  0  0 2026-09-29 13:51:33
procs -----------memory---------- ---swap-- -----io---- -system-- -------cpu------- -----timestamp-----
 r  b   swpd   free   buff  cache   si   so    bi    bo   in   cs us sy id wa st gu                 BST
 0  0 4452924 1677344  18464 11478340    0    0     0     3 2293 2364  1  0 99  0  0  0 2026-09-29 13:51:43
 0  0 4452916 1640940  18472 11478472    3    0     3    10 2337 2361  1  0 99  0  0  0 2026-09-29 13:51:53
 0  0 4452904 1638952  18480 11479140    5    0     5   868 2385 2366  1  0 99  0  0  0 2026-09-29 13:52:03
 0  0 4452904 1635712  18496 11479504    0    0    36     5 2339 2365  1  0 99  0  0  0 2026-09-29 13:52:13
 0  0 4452900 1634876  18504 11479752    1    0    12     6 2358 2370  1  0 99  0  0  0 2026-09-29 13:52:23
 0  0 4452900 1585252  18512 11479760    0    0     0   846 2409 2359  1  0 99  0  0  0 2026-09-29 13:52:33
 1  0 4452900 1584876  18560 11479876    0    0     0   653 2354 2347  1  0 99  0  0  0 2026-09-29 13:52:43
 1  0 4452896 1588696  18568 11479876    1    0     1     3 2256 2359  1  0 99  0  0  0 2026-09-29 13:52:53
 3  0 4452896 1586944  18576 11479884    0    0     0   766 2040 2217  1  0 99  0  0  0 2026-09-29 13:53:03
 0  0 4452896 1678068  18584 11480072    0    0    19     5 1642 1958  1  0 99  0  0  0 2026-09-29 13:53:13
 0  0 4452896 1684724  18592 11480080    0    0     0     3 2365 2357  1  0 99  0  0  0 2026-09-29 13:53:23
 0  0 4452896 1660860  18600 11480208    0    0    12     8 2464 2406  1  0 99  0  0  0 2026-09-29 13:53:33
 0  0 4452892 1655468  18608 11480340    0    0    13   868 2365 2394  1  0 99  0  0  0 2026-09-29 13:53:43
 0  0 4452892 1651548  18616 11480576    0    0    11     3 2369 2375  1  0 99  0  0  0 2026-09-29 13:53:53
 0  0 4452888 1640780  18624 11480648    1    0     1     9 2328 2369  1  0 99  0  0  0 2026-09-29 13:54:03
 0  0 4452884 1620484  18640 11480768    0    0    12   869 2318 2359  1  0 99  0  0  0 2026-09-29 13:54:13
 0  0 4452884 1609576  18648 11480776    0    0     0     1 2321 2352  1  0 99  0  0  0 2026-09-29 13:54:23
 1  0 4452884 1546576  18656 11480780    0    0     0     3 2392 2376  1  0 99  0  0  0 2026-09-29 13:54:33
 0  0 4452884 1666460  18664 11480772    1    0     1   900 1364 1850  0  0 100  0  0  0 2026-09-29 13:54:43
 0  0 4452884 1850480  18672 11476680    1    0     1     4 1243 1784  0  0 100  0  0  0 2026-09-29 13:54:53
 0  0 4452884 1845216  18680 11476680    0    0     0     1 1270 1773  0  0 100  0  0  0 2026-09-29 13:55:03
procs -----------memory---------- ---swap-- -----io---- -system-- -------cpu------- -----timestamp-----
 r  b   swpd   free   buff  cache   si   so    bi    bo   in   cs us sy id wa st gu                 BST
 0  0 4452884 1844712  18688 11476680    0    0     0    10 1264 1773  0  0 100  0  0  0 2026-09-29 13:55:13
 0  0 4452876 1843452  18696 11476808    2    0    14     3 1296 1778  0  0 100  0  0  0 2026-09-29 13:55:23
 0  0 4452876 1842696  18704 11476808    0    0     0   196 1264 1776  0  0 100  0  0  0 2026-09-29 13:55:33
 0  0 4452876 1842696  18712 11476808    1    0     1     1 1258 1784  0  0 100  0  0  0 2026-09-29 13:55:43
 0  0 4452868 1842192  18720 11476808    2    0     2     4 1270 1785  0  0 100  0  0  0 2026-09-29 13:55:53
 0  0 4452864 1842192  18728 11476808    0    0     0     2 1267 1773  0  0 100  0  0  0 2026-09-29 13:56:03
 0  0 4452864 1841688  18736 11476808    0    0     0     1 1238 1779  0  0 100  0  0  0 2026-09-29 13:56:13
 0  0 4452860 1841184  18744 11476808    0    0     0     1 1243 1762  0  0 100  0  0  0 2026-09-29 13:56:23
 0  0 4452860 1841184  18752 11476808    0    0     0     2 1289 1796  0  0 100  0  0  0 2026-09-29 13:56:33
 0  0 4452860 1841184  18760 11476808    0    0     0     2 1268 1772  0  0 100  0  0  0 2026-09-29 13:56:43
 0  0 4452860 1841184  18768 11476808    0    0     0     1 1265 1784  0  0 100  0  0  0 2026-09-29 13:56:53
 0  0 4452860 1841184  18776 11476808    0    0     0     2 1253 1769  0  0 100  0  0  0 2026-09-29 13:57:03
 0  0 4452860 1841184  18784 11476808    0    0     0     2 1262 1763  0  0 100  0  0  0 2026-09-29 13:57:13
 0  0 4452360 1754092  21668 11491624   60    0  1820    18 2111 2359  1  0 99  0  0  0 2026-09-29 13:57:23
 0  0 4452072 1753588  21676 11491620   29    0    29     3 1312 1859  0  0 100  0  0  0 2026-09-29 13:57:33
 0  0 4452068 1753588  21716 11491624    0    0     0   552 1266 1804  0  0 100  0  0  0 2026-09-29 13:57:43
 0  0 4452048 1753588  21732 11491660    7    0    10   111 1310 1826  0  0 100  0  0  0 2026-09-29 13:57:53
 0  0 4451832 1753084  21740 11491656    0    0     0     3 1287 1787  0  0 100  0  0  0 2026-09-29 13:58:03
 0  0 4451516 1752332  21756 11491732   83    0    90     6 1485 2038  0  0 100  0  0  0 2026-09-29 13:58:13
 0  0 4451508 1752332  21764 11491732    1    0     1   146 1276 1783  0  0 100  0  0  0 2026-09-29 13:58:23
 0  0 4451508 1702652  21772 11491740    0    0     0     2 1719 1988  0  0 100  0  0  0 2026-09-29 13:58:33
procs -----------memory---------- ---swap-- -----io---- -system-- -------cpu------- -----timestamp-----
 r  b   swpd   free   buff  cache   si   so    bi    bo   in   cs us sy id wa st gu                 BST
 0  0 4451508 1704616  21780 11491740    0    0     0     5 1289 1807  0  0 100  0  0  0 2026-09-29 13:58:43
 0  0 4451508 1708204  21788 11491740    0    0     0     1 1271 1795  0  0 100  0  0  0 2026-09-29 13:58:53
 0  0 4451488 1710196  21796 11491732    3    0     3   441 1364 1865  0  0 100  0  0  0 2026-09-29 13:59:03
 0  0 4451476 1614024  21812 11492224    1    0    50     6 2094 2287  0  0 100  0  0  0 2026-09-29 13:59:13
 0  0 4451476 1680888  21820 11492352    1    0    14     4 1313 1812  0  0 100  0  0  0 2026-09-29 13:59:23
 0  0 4451468 1680888  21828 11492352    3    0     3     1 1285 1783  0  0 100  0  0  0 2026-09-29 13:59:33
 0  0 4451468 1680888  21836 11492352    0    0     0   474 1261 1753  0  0 100  0  0  0 2026-09-29 13:59:43
 0  0 4451424 1619744  21844 11492360    5    0     6     5 2218 2333  0  0 100  0  0  0 2026-09-29 13:59:53
 0  0 4451320 1657064  21856 11492356    1    0     8     2 1314 1840  0  0 100  0  0  0 2026-09-29 14:00:03
 0  0 4451320 1668288  21864 11492436    0    0     0     7 1292 1776  0  0 100  0  0  0 2026-09-29 14:00:13
 0  0 4451312 1668288  21872 11492440    2    0     2   470 1323 1799  0  0 100  0  0  0 2026-09-29 14:00:23
 0  0 4451312 1668288  21880 11492440    0    0     0     2 1257 1783  0  0 100  0  0  0 2026-09-29 14:00:33
 0  0 4451312 1668996  21888 11492440    0    0     0     6 1311 1798  0  0 100  0  0  0 2026-09-29 14:00:43
 0  0 4451312 1668936  21896 11492484    0    0     5     6 1272 1805  0  0 100  0  0  0 2026-09-29 14:00:53
 1  0 4450928 1246624  22508 11540644  176    0  2988     2 5207 4957  0  1 99  0  0  0 2026-09-29 14:01:03
 0  0 4450812 1518280  22520 11540644   14    0    14    15 2304 2464  0  0 100  0  0  0 2026-09-29 14:01:13
 0  0 4450808 1609176  22528 11540644    0    0     0     3 1303 1819  0  0 100  0  0  0 2026-09-29 14:01:23
 1  0 4450776 1609680  22536 11540644    3    0     3   829 1330 1795  0  0 100  0  0  0 2026-09-29 14:01:33
 0  0 4450744 1609680  22544 11540644    4    0     4  2052 1279 1789  0  0 100  0  0  0 2026-09-29 14:01:43
 0  0 4450540 1609896  22552 11540644   20    0    20     1 1297 1805  0  0 100  0  0  0 2026-09-29 14:01:53
 0  0 4450540 1530620  22560 11540644    1    0     1     2 2244 2292  0  0 100  0  0  0 2026-09-29 14:02:03
procs -----------memory---------- ---swap-- -----io---- -system-- -------cpu------- -----timestamp-----
 r  b   swpd   free   buff  cache   si   so    bi    bo   in   cs us sy id wa st gu                 BST
 0  0 4450540 1603904  22568 11540644    0    0     0    14 1290 1818  0  0 100  0  0  0 2026-09-29 14:02:13
 0  0 4450536 1610220  22576 11540644    0    0     0     1 1292 1798  0  0 100  0  0  0 2026-09-29 14:02:23
 0  0 4450536 1610012  22584 11540644    0    0     0   447 1324 1801  0  0 100  0  0  0 2026-09-29 14:02:33
 0  0 4450536 1610012  22592 11540644    0    0     0     2 1285 1794  0  0 100  0  0  0 2026-09-29 14:02:43
 0  0 4450536 1586180  22616 11540952    1    0    32    10 2132 2321  0  0 100  0  0  0 2026-09-29 14:02:53
 0  0 4450536 1618716  22624 11540960    0    0     0     1 1286 1797  0  0 100  0  0  0 2026-09-29 14:03:03
 0  0 4450536 1618968  22632 11540960    0    0     0     1 1267 1777  0  0 100  0  0  0 2026-09-29 14:03:13
 0  0 4450524 1618968  22640 11540960    5    0     5   411 1274 1778  0  0 100  0  0  0 2026-09-29 14:03:23
 0  0 4450524 1618968  22648 11540960    0    0     0     3 1295 1776  0  0 100  0  0  0 2026-09-29 14:03:33
 0  0 4450516 1618968  22656 11540960    1    0     1     1 1264 1764  0  0 100  0  0  0 2026-09-29 14:03:43
 0  0 4450508 1618968  22664 11540960    0    0     0     1 1271 1782  0  0 100  0  0  0 2026-09-29 14:03:53
 0  0 4450484 1619220  22672 11540960    0    0     0     3 1304 1780  0  0 100  0  0  0 2026-09-29 14:04:03
 0  0 4450456 1388296  23568 11625560    8    0  8482    23 2891 2678  0  0 99  0  0  0 2026-09-29 14:04:13
 1  0 4450436 3067216  21580 10043192    2    0 29454 12240 2683 2357  2  1 96  0  0  0 2026-09-29 14:04:23
 0  0 4450432 3040288  21640 10064544   36    0  2106     2 6378 7748  1  3 95  0  0  0 2026-09-29 14:04:33
 1  0 4450424 3024952  21648 10064600    1    0     6   372 6980 8216  1  4 96  0  0  0 2026-09-29 14:04:43
 2  0 4450408 3043476  21672 10064612    1    0     2 12222 7183 8653  1  4 96  0  0  0 2026-09-29 14:04:53
 0  0 4450200 2902428  22436 10070848  102    0   458  1782 4496 4938  1  3 96  0  0  0 2026-09-29 14:05:03
 0  0 4449800 3093940  22444 10070848    0    0     0     7 1217 1800  0  0 100  0  0  0 2026-09-29 14:05:13
 0  0 4449796 3095652  22456 10070848    2    0     2    18 1257 1773  0  0 100  0  0  0 2026-09-29 14:05:23
 0  0 4449716 3109844  22704 10081696   16    0  1100   391 2389 2498  0  0 99  0  0  0 2026-09-29 14:05:33
