procs -----------memory---------- ---swap-- -----io---- -system-- -------cpu------- -----timestamp-----
 r  b   swpd   free   buff  cache   si   so    bi    bo   in   cs us sy id wa st gu                 BST
 2  0 4265984 111657012 1235660 10074132  465 1778 37281  2842 7386    4  4  2 94  0  0  0 2026-09-29 13:20:13
 1  0 4265976 111795912 1235660 10075100    0    0    86   104 8850 8711  2  4 95  0  0  0 2026-09-29 13:20:23
 2  0 4265516 111814896 1235672 10076164   55    0   165    98 8991 8665  1  4 94  0  0  0 2026-09-29 13:20:33
 2  0 4265488 111542424 1235956 10086468    4    0    84 13053 10537 10540  2  4 93  0  0  0 2026-09-29 13:20:43
 0  0 4265444 111127584 1237628 10202460    4    0   208  3164 8280 6412  4  4 91  1  0  0 2026-09-29 13:20:53
 0  1 4265440 110092156 1241948 10337572    0    0  7786  3031 4930 3518  6  1 92  1  0  0 2026-09-29 13:21:03
 1  0 4265428 109760296 1243656 10361892    0    0   920  2399 5730 3303  8  2 89  0  0  0 2026-09-29 13:21:13
 2  0 4265416 108575116 1243764 10364832    6    0   163  8586 5061 2859  8  1 91  0  0  0 2026-09-29 13:21:23
 4  0 4265416 105143016 1243956 10369008    0    0   191  2141 6275 3136 13  2 85  0  0  0 2026-09-29 13:21:33
 0  0 4265408 105887388 1243988 10369352    0    0     7  4040 4421 3555  1  1 98  0  0  0 2026-09-29 13:21:43
 1  0 4265208 33475188 1244044 13519400   50    0 60830   525 10105 10259  3  4 92  0  0  0 2026-09-29 13:21:53
 1  0 4265208 29730812 1244052 15873732    0    0 235440    26 16865 20491  8  2 89  1  0  0 2026-09-29 13:22:03
 1  0 4265200 26337968 1244064 18986860    8    0 311299   200 18442 23000  8  2 88  1  0  0 2026-09-29 13:22:13
 0  1 4265192 20641072 1244068 22267520    1    0 328081   140 19534 24459  9  2 88  1  0  0 2026-09-29 13:22:23
 1  0 4265188 19411172 1244080 25369344    0    0 310174    20 19035 23729  9  2 88  1  0  0 2026-09-29 13:22:33
 2  0 4265188 17665572 1244096 27951760    0    0 258392    28 16927 21067  8  2 89  1  0  0 2026-09-29 13:22:43
 9  0 4265184 13168464 1244096 30529588    0    0 257647    41 16110 20070  8  2 89  1  0  0 2026-09-29 13:22:53
 1  0 4265168 8827692 1244108 32980072    0    0 245076    27 16665 20650  8  2 89  1  0  0 2026-09-29 13:23:03
 2  0 4265152 11785000 1244120 35412340    0    0 243274    42 16246 20035  7  2 89  1  0  0 2026-09-29 13:23:13
 1  0 4265140 6594696 1244124 38448592    2    0 303596    21 18304 22863  8  2 88  1  0  0 2026-09-29 13:23:23
 2  0 4369872 5590176 951620 37690948   41 10417 305014 10465 19406 23954  8  3 87  1  0  0 2026-09-29 13:23:33
procs -----------memory---------- ---swap-- -----io---- -system-- -------cpu------- -----timestamp-----
 r  b   swpd   free   buff  cache   si   so    bi    bo   in   cs us sy id wa st gu                 BST
 2  0 4385556 6117156 288172 35840676  302 1566 279248  1592 17630 22106  8  3 88  1  0  0 2026-09-29 13:23:43
 1  0 4385400 9819048 288100 37510996   46    1 197744    10 20502 29993  7  4 89  1  0  0 2026-09-29 13:23:53
 1  1 4385908 6288320 288148 39407136   10   57 219676    97 15189 19150  8  2 89  1  0  0 2026-09-29 13:24:03
 1  0 4390144 6499240 287988 37452044    9  424 228908   470 15024 18996  8  2 89  1  0  0 2026-09-29 13:24:13
 2  0 4391156 6390084 288004 35845068   16  218 223381   281 15279 19242  8  2 89  1  0  0 2026-09-29 13:24:23
 2  0 4392572 11580908 288084 36285984   34  234 215564   250 19182 27287  7  3 89  1  0  0 2026-09-29 13:24:33
 1  0 4392524 6910744 288108 38998016   10    0 271224    26 16248 20913  8  2 89  1  0  0 2026-09-29 13:24:43
 0  1 4391840 6372904 288484 37607972  281  208 264460   278 16913 21480  8  2 88  1  0  0 2026-09-29 13:24:53
 1  0 4395052 6543076 286432 35485624   12  500 272555   565 16350 20737  8  2 89  1  0  0 2026-09-29 13:25:03
 2  0 4394580 10276520 286464 37158832   68    0 198084    28 20357 29612  7  3 89  1  0  0 2026-09-29 13:25:13
 1  0 4330680 6438524 286276 39123360 9659   10 252574    64 18056 23306  8  2 88  2  0  0 2026-09-29 13:25:23
 2  0 4331096 6648768 285296 37200568   70  223 230955   301 15333 19294  8  2 89  1  0  0 2026-09-29 13:25:33
 3  0 4354652 6513240 281020 35673656   11 2538 219516  2578 16157 20918  8  2 89  1  0  0 2026-09-29 13:25:43
 2  0 5814512 11375060 281136 37736864  224 143259 228370 143286 15884 19439  7  4 88  1  0  0 2026-09-29 13:25:53
 1  0 6583720 7533860 281072 40415444    5 74450 268062 74502 17169 21600  8  2 88  1  0  0 2026-09-29 13:26:03
 2  0 9099276 6763204 280836 41857604   18 243916 256551 243946 18012 22132  8  4 87  1  0  0 2026-09-29 13:26:13
 1  0 9115456 6604684 277080 39981952   30 1749 273706  1767 16885 21413  8  3 88  1  0  0 2026-09-29 13:26:23
 2  0 9114080 11035640 277104 41122092  203    5 144832    38 14174 20423  5  3 92  0  0  0 2026-09-29 13:26:33
 1  0 9112092 9107348 277220 43902728  242    0 278285    32 15132 19055  7  2 89  1  0  0 2026-09-29 13:26:43
 2  0 9129116 7488780 156892 42811256   91 2044 290784  2090 15985 23859  5  3 91  0  0  0 2026-09-29 13:26:53
 1  0 9795496 7526304   5164 40891000  185 66368 276470 66398 9348 10753  5  3 92  0  0  0 2026-09-29 13:27:03
procs -----------memory---------- ---swap-- -----io---- -system-- -------cpu------- -----timestamp-----
 r  b   swpd   free   buff  cache   si   so    bi    bo   in   cs us sy id wa st gu                 BST
 0  1 9879168 8911256   5136 33691448  224 8981 595703  9005 8505 9851  4  3 93  0  0  0 2026-09-29 13:27:13
 1  0 9877300 7684400   5168 32326344  239   51 254124    83 9319 11357  5  2 92  0  0  0 2026-09-29 13:27:23
 4  0 9871748 9512840   5156 26128440  594   45 436594    77 10044 12749  5  2 92  1  0  0 2026-09-29 13:27:33
 0  1 9882868 7416308   4792 25920344  352 1722 238398  1748 16173 24277  5  2 92  0  0  0 2026-09-29 13:27:43
 2  0 9916572 6665220   4640 22849992  641 4602 381510  4630 10431 11982  5  2 93  0  0  0 2026-09-29 13:27:53
 2  0 9845944 26416696   5672 23092744 6545   47 91514   123 7877 8431  2  5 92  2  0  0 2026-09-29 13:28:03
 1  0 9771664 21647224   6892 26183956 8652    0 317847    69 8418 9959  1  2 93  4  0  0 2026-09-29 13:28:13
 1  1 9770680 14930896   6916 32841936  108    0 665992    18 7167 9467  1  1 94  4  0  0 2026-09-29 13:28:23
 0  1 9769952 9829848   6940 37934384   75    0 509285    56 7616 8228  1  1 95  3  0  0 2026-09-29 13:28:33
 0  1 9769532 4230228   6964 43538316   39    0 560428    78 7287 9018  1  1 94  3  0  0 2026-09-29 13:28:43
 2  0 9721848 1165840   6980 46712764 5440 1934 533873  1968 9060 11215  2  1 93  4  0  0 2026-09-29 13:28:53
 1  0 10211944 1579528   5528 45956592  400 53006 209744 53050 9567 10225  5  3 92  1  0  0 2026-09-29 13:29:03
 2  1 10195748 1335500   5564 46260572 1671   54 152586   106 12279 15300  6  2 91  1  0  0 2026-09-29 13:29:13
 1  1 9990348 2151184   5668 45844196 26038    8 74754    31 10379 12032  2  1 93  4  0  0 2026-09-29 13:29:23
 1  0 9646496 6018336   6484 45919300 30758    0 35059    19 9071 11347  2  1 93  4  0  0 2026-09-29 13:29:33
 3  1 9628440 2299420   7228 46842776 2102    0 55594    54 6087 5467  5  1 93  1  0  0 2026-09-29 13:29:43
 1  0 9618608 2135768   8000 46857284 1005    0  1971    90 6153 4872  8  1 91  0  0  0 2026-09-29 13:29:53
 1  0 9617456 2176828  10232 46941772  123    0  7360   151 5732 4881  5  1 93  0  0  0 2026-09-29 13:30:03
 2  0 9616428 2067944  10348 46956908  106    0   296 12202 4851 4399  5  1 94  0  0  0 2026-09-29 13:30:13
 1  0 9616112 1991244  10428 46976252   29    0   627   640 4737 4037  5  1 94  0  0  0 2026-09-29 13:30:23
 1  0 9337872 2792292  16568 47087092 27656    0 38254  1502 12486 13156  4  3 88  4  0  0 2026-09-29 13:30:33
procs -----------memory---------- ---swap-- -----io---- -system-- -------cpu------- -----timestamp-----
 r  b   swpd   free   buff  cache   si   so    bi    bo   in   cs us sy id wa st gu                 BST
 1  1 9345404 2127604  13636 36174828 1049 2477  6193  3942 6168 5031  3  4 92  0  0  0 2026-09-29 13:30:43
 1  0 9362960 2756972  13884 15533564  206 2017  6520  3486 6394 4811  4  5 91  0  0  0 2026-09-29 13:30:53
 1  0 9358808 3598016  14336 13908384  202    6  3952  1574 6166 4850  5  2 93  0  0  0 2026-09-29 13:31:03
 1  1 9357612 4227080  14336 12971180  122    2   399  1028 6004 4858  5  1 94  0  0  0 2026-09-29 13:31:13
 2  0 9356764 4269440  14364 12792636   80    1   193   862 6591 4626  5  2 92  0  0  0 2026-09-29 13:31:23
 1  0 9355984 2976212  14392 12803324   49    0  1106   741 6600 4594  2  5 93  0  0  0 2026-09-29 13:31:33
 1  0 9350536 2287276  14928 12660320  490    0  2494   126 5846 5012  6  1 93  0  0  0 2026-09-29 13:31:43
 2  0 9333092 3340376  17916 12756860 1934    0  9667  1026 6042 5874  4  1 94  1  0  0 2026-09-29 13:31:53
 0  1 9206500 2586808  18668 12767248 15185    0 16262    90 7370 8848  2  1 94  3  0  0 2026-09-29 13:32:03
 0  1 8844000 2542128  18896 12770696 36370    0 36628  1383 9398 12998  1  1 93  4  0  0 2026-09-29 13:32:13
 0  1 8427116 2118936  19276 12772740 45693    0 45843  2446 9387 13428  1  1 94  4  0  0 2026-09-29 13:32:23
 0  0 8377940 1940624  19904 12804820 30199    0 33428   315 7732 10147  1  1 96  3  0  0 2026-09-29 13:32:33
 3  1 8376768 1706384  24588 12862728 1076    0  6122  1015 6463 6482  3  1 95  1  0  0 2026-09-29 13:32:43
 3  0 8375224 2095748  42380 12860680  582    0  1387  3757 11385 10517 12  4 80  3  0  0 2026-09-29 13:32:53
 3  0 8374860 2001192  59388 12862404  487    0   628  3562 11468 10678 12  4 80  4  0  0 2026-09-29 13:33:03
 3  0 8373696 2003024  76152 12864260  246    0   386  3776 11819 10948 13  4 79  3  0  0 2026-09-29 13:33:13
 3  0 8372616 1950356  92860 12865092  191    0   193  3690 11404 10503 13  4 80  3  0  0 2026-09-29 13:33:23
 4  0 8372512 1957860 109480 12865728  105    0   110  3475 11444 10539 13  4 80  3  0  0 2026-09-29 13:33:33
 3  0 8372396 2020976 126112 12866272   37    0    37  3489 11355 10541 13  4 80  3  0  0 2026-09-29 13:33:43
 3  0 8371628 2026344 143068 12868428  226    0   381  3569 11444 10353 13  4 79  3  0  0 2026-09-29 13:33:53
 3  0 8371368 1981712 159752 12869336   81    0    84  3556 11455 10733 13  4 80  3  0  0 2026-09-29 13:34:03
procs -----------memory---------- ---swap-- -----io---- -system-- -------cpu------- -----timestamp-----
 r  b   swpd   free   buff  cache   si   so    bi    bo   in   cs us sy id wa st gu                 BST
 4  0 8371048 1927988 176472 12870416   78    0    97  3517 11030 10312 13  4 80  3  0  0 2026-09-29 13:34:13
 3  0 8370908 1922444 189644 12873080   24    0   212  3546 11292 10453 13  4 80  3  0  0 2026-09-29 13:34:23
 4  0 8370536 1907164 196216 12873732   57    0    61  3502 11149 10422 13  4 80  3  0  0 2026-09-29 13:34:33
 3  0 8370428 1889480 202340 12874508   10    0    26  3510 11467 10723 13  4 80  3  0  0 2026-09-29 13:34:43
 3  1 8370280 1839800 207828 12875548  189    0   227  3514 10133 9720 10  4 83  3  0  0 2026-09-29 13:34:53
 1  0 8370112 1837848 214492 12877496  425    0   558  3545 10014 9592 10  4 83  3  0  0 2026-09-29 13:35:03
 3  0 8369984 3821040 215952 9241864  144    2   292  3433 9591 7885  9  6 82  3  0  0 2026-09-29 13:35:13
 0  0 8369040 3807996 221436 9244120  183    0   208  3499 7739 7551  6  3 88  3  0  0 2026-09-29 13:35:23
 3  0 8368912 3796344 228148 9244864   15    0    46  3488 9622 9127  9  3 85  3  0  0 2026-09-29 13:35:33
 4  0 8368804 3815296 234604 9245816   36    0    47  3504 11678 10747 12  4 80  3  0  0 2026-09-29 13:35:43
 0  1 8367844 3782616 240616 9247020  243    0   301  3478 8533 8795  6  3 87  3  0  0 2026-09-29 13:35:53
 0  0 8367784 3793708 245044 9247664   68    0    84  3466 9300 9023  8  3 86  3  0  0 2026-09-29 13:36:03
 3  0 8367700 3764160 246956 9248416   39    0    55  3492 10660 10200 11  4 82  3  0  0 2026-09-29 13:36:13
 3  0 8367624 3744196 249028 9248944   10    0    10  3480 10217 9337  9  4 83  3  0  0 2026-09-29 13:36:23
 3  0 8367564 3747896 251548 9249976   12    0    64  3480 11044 10286 13  4 80  3  0  0 2026-09-29 13:36:33
 1  1 8367460 3757964 253496 9251484   20    0   120  3493 9655 9504  9  3 84  3  0  0 2026-09-29 13:36:43
 3  0 8367364 3788720 256220 9252176   14    0    31  3481 8104 8210  6  3 88  3  0  0 2026-09-29 13:36:53
 0  0 8367308 3744884 259528 9253632   22    0    52  3503 9344 9069  8  3 86  3  0  0 2026-09-29 13:37:03
 3  0 8367012 3721664 261696 9259576  149    0   692  3452 8870 8887  8  3 87  3  0  0 2026-09-29 13:37:13
 3  0 8366900 3701328 263840 9260660   40    0    96  3488 9554 9293  9  3 84  3  0  0 2026-09-29 13:37:23
 1  1 8366812 3708956 266160 9261180   10    0    10  3483 10634 10015 12  4 81  3  0  0 2026-09-29 13:37:33
procs -----------memory---------- ---swap-- -----io---- -system-- -------cpu------- -----timestamp-----
 r  b   swpd   free   buff  cache   si   so    bi    bo   in   cs us sy id wa st gu                 BST
 3  0 8366464 3663440 268452 9262348   72    0   149  3548 10990 9799 10  4 82  3  0  0 2026-09-29 13:37:43
 0  1 8365408 3692120 269256 9262920  250    0   261  3484 10708 9940 10  4 83  4  0  0 2026-09-29 13:37:53
 3  0 8364332 3692380 269864 9264476  410    0   517  3516 11299 10532 12  4 80  3  0  0 2026-09-29 13:38:03
 3  0 8363980 3624516 270800 9265632 1958    0  2026  3471 10303 10205  9  3 84  4  0  0 2026-09-29 13:38:13
 0  1 8363972 3676348 271756 9266124   15    0    16  3460 8869 8867  8  3 86  3  0  0 2026-09-29 13:38:23
 3  0 8363912 3686504 272436 9266728   32    0    45  3441 8622 8756  8  3 86  3  0  0 2026-09-29 13:38:33
 4  1 8363908 3651556 273200 9267488   20    0    47  3469 9946 9296 10  3 83  4  0  0 2026-09-29 13:38:43
 0  0 8363904 3607792 273572 9268160   74    0    94  3474 8793 8728  8  3 86  3  0  0 2026-09-29 13:38:53
 6  0 8363868 3603348 274204 9268640   11    0    11  3497 8927 8701  8  3 86  3  0  0 2026-09-29 13:39:03
 1  0 8363828 3629508 274864 9269164   16    0    21  3499 9339 8989  9  3 85  3  0  0 2026-09-29 13:39:13
 4  0 8363824 3677720 275428 9269832   23    0    43  3440 8666 8605  7  2 87  3  0  0 2026-09-29 13:39:23
 3  0 8363712 3660040 275844 9270388   28    0    42  3512 9800 9170 10  3 84  4  0  0 2026-09-29 13:39:33
 4  0 8363704 3583444 276124 9274268   43    0   379  3460 8793 7951  9  3 85  4  0  0 2026-09-29 13:39:43
 3  0 8362808 3620096 276380 9274988  219    0   244  3477 11227 10214 13  4 80  3  0  0 2026-09-29 13:39:53
 3  1 8362792 3569900 276752 9277192    3    0    15  3527 9805 9321  9  3 84  3  0  0 2026-09-29 13:40:03
 3  0 8362728 3576932 277164 9278192    9    0    56  3476 10412 9764 12  4 80  3  0  0 2026-09-29 13:40:13
 3  0 8362704 3585612 277416 9278660    4    0     4  3488 11268 10469 13  4 80  3  0  0 2026-09-29 13:40:23
 4  0 8362688 3603156 277492 9280012    3    0    92  3504 11361 10338 13  4 80  3  0  0 2026-09-29 13:40:33
 3  0 8362620 3542464 277800 9280824   15    0    49  3554 11089 10237 13  4 80  3  0  0 2026-09-29 13:40:43
 4  0 8362612 3423620 277976 9281600    2    0    33  3516 11301 10324 13  4 80  3  0  0 2026-09-29 13:40:53
 3  0 8362584 3390752 278180 9282068    4    0     4  3514 11207 10027 13  4 80  3  0  0 2026-09-29 13:41:03
procs -----------memory---------- ---swap-- -----io---- -system-- -------cpu------- -----timestamp-----
 r  b   swpd   free   buff  cache   si   so    bi    bo   in   cs us sy id wa st gu                 BST
 3  0 8362544 3437248 278200 9282672    5    0     5  3163 11359 10325 12  4 81  3  0  0 2026-09-29 13:41:13
 3  0 8362300 3490520 278348 9282804   54    0    81    36 8462 6119 12  4 84  0  0  0 2026-09-29 13:41:23
 0  0 8362012 3567140 278352 9282968   15    0    29    54 6989 5714  8  3 89  0  0  0 2026-09-29 13:41:33
 0  0 8361880 3572896 278356 9283284   14    0    42    62 3781 4240  1  0 99  0  0  0 2026-09-29 13:41:43
 1  0 8360992 3574064 278360 9283372  198    0   205    39 3345 4023  1  0 99  0  0  0 2026-09-29 13:41:53
 0  0 8360676 3591912 278360 9283376   10    0    10    26 3645 4030  0  0 99  0  0  0 2026-09-29 13:42:03
 3  0 8360664 3581956 278360 9283488   15    0    25    48 8402 6567 11  4 85  0  0  0 2026-09-29 13:42:13
 0  0 8360652 3607896 278360 9283496    0    0     1    44 4037 4144  1  1 98  0  0  0 2026-09-29 13:42:23
 0  0 8360632 3586960 278360 9283500    4    0     4    27 3680 3867  0  0 99  0  0  0 2026-09-29 13:42:33
 0  0 8359444 3571248 278360 9293040  146    0  1098    30 4554 5023  1  0 99  0  0  0 2026-09-29 13:42:43
 3  0 8359116 3572296 278532 9295652   90    0   368    43 8032 7628  6  2 91  0  0  0 2026-09-29 13:42:53
 3  0 8358968 3530328 278532 9295800   18    0    32    25 9241 7393 13  4 83  0  0  0 2026-09-29 13:43:03
 3  0 8358876 3495192 278532 9295964   22    0    38    46 8904 6914 12  4 84  0  0  0 2026-09-29 13:43:13
 3  0 8358712 3620968 278528 9293344   20    0    21    43 8906 6877 12  4 83  0  0  0 2026-09-29 13:43:23
 3  0 8357484 3540744 278528 9293348   11    0    11    26 8404 6632 12  4 84  0  0  0 2026-09-29 13:43:33
 3  0 8356872 3547636 278528 9294056    8    0    76    32 8998 7116 13  4 83  0  0  0 2026-09-29 13:43:43
 3  0 8356568 3540984 278528 9295224   66    0   175    24 9163 7434 13  4 83  0  0  0 2026-09-29 13:43:53
 3  0 8356556 3543800 278528 9295228    8    0     8    46 8831 6692 12  4 84  0  0  0 2026-09-29 13:44:03
 0  0 8356540 3548988 278528 9295236    6    0     6    26 4194 4202  2  1 97  0  0  0 2026-09-29 13:44:13
 0  0 8356520 3576448 278528 9295360    0    0     6    45 3591 3940  0  0 99  0  0  0 2026-09-29 13:44:23
 0  0 8356508 3555392 278528 9295364    0    0     0    41 3658 3952  0  0 99  0  0  0 2026-09-29 13:44:33
procs -----------memory---------- ---swap-- -----io---- -system-- -------cpu------- -----timestamp-----
 r  b   swpd   free   buff  cache   si   so    bi    bo   in   cs us sy id wa st gu                 BST
 3  0 8356484 3522956 278528 9295780    2    0    43    10 5800 5185  6  2 92  0  0  0 2026-09-29 13:44:43
 0  1 8356424 3542164 278528 9295788   21    0    22    46 6544 5426  7  2 90  0  0  0 2026-09-29 13:44:53
 0  0 8353328 3511372 278936 9297500  365    0   573   132 3806 4012  0  0 99  0  0  0 2026-09-29 13:45:03
 3  0 8353304 3539732 278936 9298400    6    0    96    22 3108 3650  0  0 99  0  0  0 2026-09-29 13:45:13
 0  0 8353276 3570436 278936 9298404   19    0    20    52 3683 3922  0  0 99  0  0  0 2026-09-29 13:45:23
 4  0 8353264 3518312 278936 9298412    1    0     1    25 8215 6285 12  4 84  0  0  0 2026-09-29 13:45:33
 3  0 8319196 3298668 280392 9310896 10258    0 11616    47 8010 7492  8  3 87  2  0  0 2026-09-29 13:45:43
 3  0 8318684 3458840 280408 9310088  796    0   841    64 7737 5238 12  4 84  0  0  0 2026-09-29 13:45:53
 3  0 8318024 3340616 280420 9311752   90    0   120    34 8084 5642 12  4 84  0  0  0 2026-09-29 13:46:03
 3  0 8317988 3277136 280420 9312080    3    0    36    30 8905 6735 12  4 84  0  0  0 2026-09-29 13:46:13
 3  0 8317896 3366972 280424 9312108    9    0    10   109 8682 6498 12  4 84  0  0  0 2026-09-29 13:46:23
 3  0 8317884 3357232 280428 9312140    4    0     6   108 8526 6569 12  4 84  0  0  0 2026-09-29 13:46:33
 3  0 8317880 3385632 280428 9312280    0    0    13    10 8047 6258 12  4 84  0  0  0 2026-09-29 13:46:43
 3  0 8317860 3404620 280428 9312548   10    0    36    54 8777 6680 13  4 83  0  0  0 2026-09-29 13:46:53
 3  0 8317408 3232340 282568 9365112  166    0  5614   224 9556 7464 13  4 82  0  0  0 2026-09-29 13:47:03
 3  0 8317360 3290616 282568 9365192    7    0    13    50 8836 6753 12  4 84  0  0  0 2026-09-29 13:47:13
 3  0 8317352 3320680 282568 9365204    2    0     2    32 8594 6616 12  4 84  0  0  0 2026-09-29 13:47:23
 4  0 8317272 3283188 282568 9365244    6    0    10    64 8508 6518 12  4 84  0  0  0 2026-09-29 13:47:33
 3  0 8317272 3329176 282568 9365384    0    0    13    39 8664 6538 12  4 84  0  0  0 2026-09-29 13:47:43
 3  0 8316608 3331788 282568 9365540  164    0   180    31 8942 6890 13  4 83  0  0  0 2026-09-29 13:47:53
 4  0 8316492 3309128 282568 9365884   25    0    58    46 8744 6815 12  4 84  0  0  0 2026-09-29 13:48:03
procs -----------memory---------- ---swap-- -----io---- -system-- -------cpu------- -----timestamp-----
 r  b   swpd   free   buff  cache   si   so    bi    bo   in   cs us sy id wa st gu                 BST
 3  0 8316460 3331236 282568 9366020    6    0    18    40 8146 6260 12  4 84  0  0  0 2026-09-29 13:48:13
 3  0 8316456 3357236 282568 9366028    0    0     1    29 8665 8135 12  4 84  0  0  0 2026-09-29 13:48:23
 3  0 8316452 3365200 282568 9366172    1    0    14    39 8568 6555 12  4 84  0  0  0 2026-09-29 13:48:33
 3  0 8316436 3350060 282568 9366304    4    0    16    31 8660 6703 12  4 84  0  0  0 2026-09-29 13:48:43
 3  0 8316432 3318408 282568 9366312    0    0     0    29 8761 6748 13  4 84  0  0  0 2026-09-29 13:48:53
 3  0 8316396 3309084 282568 9366320    4    0     4    25 8727 6679 12  4 84  0  0  0 2026-09-29 13:49:03
 3  0 8316364 3297124 282568 9366324    6    0     6    63 8677 6726 12  4 84  0  0  0 2026-09-29 13:49:13
 3  0 8316344 3309676 282568 9366388    2    0     7    27 8451 6485 12  4 84  0  0  0 2026-09-29 13:49:23
 3  0 8316340 3302220 282568 9366524    1    0     7    25 8536 6669 12  4 84  0  0  0 2026-09-29 13:49:33
 3  0 8316328 3344520 282568 9366532    2    0     2    42 8693 6739 12  4 84  0  0  0 2026-09-29 13:49:43
 3  0 8315732 3380524 282568 9366664  164    0   164    54 8564 6567 12  4 84  0  0  0 2026-09-29 13:49:53
 3  0 8315680 3327604 282568 9366668    6    0     6    28 8675 6662 12  4 84  0  0  0 2026-09-29 13:50:03
 4  0 8315612 3157488 282872 9372640 1017    0  1574    36 8954 6984 12  4 84  0  0  0 2026-09-29 13:50:13
 1  0 8641312 681444 179220 4117996 1294 32055  1986 34144 7679 6015  8  4 87  0  0  0 2026-09-29 13:50:23
 1  1 11577076 1260508  10740 3782116 69179 363190 71124 363208 10882 11893  1  6 90  3  0  0 2026-09-29 13:50:33
 1  0 11826780 1047560  10980 3815304 87674 108701 93392 108719 11361 14822  1  2 93  4  0  0 2026-09-29 13:50:43
 2  0 12872864 991132  10884 3712096 70754 177193 72160 177354 10093 11411  1  3 92  3  0  0 2026-09-29 13:50:53
 1  0 12848488 1287060  10928 3719860 94338 93094 95293 93136 10142 13239  2  2 92  3  0  0 2026-09-29 13:51:03
 1  0 13893788 1215216  10936 3725784 18433 127167 21322 127185 7602 7162  3  4 92  1  0  0 2026-09-29 13:51:13
 2  1 14603036 943748   3828 3541140 82570 154964 83631 154986 10633 12274  1  3 93  4  0  0 2026-09-29 13:51:23
 0  1 15663632 1216460   3908 3555268 83110 207334 86468 207374 11241 12495  1  5 91  3  0  0 2026-09-29 13:51:33
procs -----------memory---------- ---swap-- -----io---- -system-- -------cpu------- -----timestamp-----
 r  b   swpd   free   buff  cache   si   so    bi    bo   in   cs us sy id wa st gu                 BST
 0  2 15483028 1125632   5208 3475048 124288 109009 127328 109049 14277 19411  1  2 91  6  0  0 2026-09-29 13:51:43
 0  1 15303036 1005200   4824 3532652 81598 62393 84047 62436 12527 16584  1  2 91  5  0  0 2026-09-29 13:51:53
 0  1 15387628 1218724   7880 3468840 79001 89579 84290 175671 9530 11823  3  2 92  3  0  0 2026-09-29 13:52:03
 0  1 15093000 971256   8164 3444060 94172 65931 96430 147392 10484 13833  2  2 92  4  0  0 2026-09-29 13:52:13
 1  1 15124820 1247980   8596 3281200 90924 95762 93513 154963 10217 12877  2  3 92  3  0  0 2026-09-29 13:52:23
 1  0 15359016 1093648  10024 3565800 58678 82127 67089 156013 8740 10409  3  2 93  2  0  0 2026-09-29 13:52:33
 1  0 15331916 1146448   9916 3513916 3030   36 44849  4560 6199 5526  5  0 94  1  0  0 2026-09-29 13:52:43
 1  0 15318856 1239004  10012 3448488 1432   23 41431    47 5866 4923  5  0 94  0  0  0 2026-09-29 13:52:53
 1  0 15305380 1011284  11140 3614816 1446   19 40550  5678 5593 4897  5  0 94  0  0  0 2026-09-29 13:53:03
 1  0 15300904 1153072   7660 3521252  507   20 38787   860 4935 4041  5  0 94  0  0  0 2026-09-29 13:53:13
 3  0 15733864 1462356   7680 3680172  707 43954 39585 47548 5901 4778  5  1 94  0  0  0 2026-09-29 13:53:23
 2  0 16777128 2147604   4992 4044632 2328 106624 45577 106641 8060 6811  5  2 92  1  0  0 2026-09-29 13:53:33
 1  0 16777016 2166644   4556 3983540  535  508 39588  4104 6850 6208  6  1 93  0  0  0 2026-09-29 13:53:43
 1  0 16689304 2626500   4584 3388756 10354  573 45632   649 7974 8551  5  1 93  1  0  0 2026-09-29 13:53:53
 1  0 15915620 1282240   4620 3389108 79039    0 79076  2388 11175 13174  1  1 94  4  0  0 2026-09-29 13:54:03
 1  1 16678920 1274720   4636 3392936 93972 169916 94358 169936 10338 13256  1  2 93  4  0  0 2026-09-29 13:54:13
 1  0 16668988 850628   3440 3248864 94666 93513 96675 93582 12278 14125  1  4 92  4  0  0 2026-09-29 13:54:23
 0  1 16579400 1119172  14708 3354876 55776 135614 510199 135799 24373 24536  1 31 62  7  0  0 2026-09-29 13:54:33
49  1 16777048 986860   7712 2970216 86714 105311 624347 106654 47396 64806  1 24 56 19  0  0 2026-09-29 13:54:43
31 11 16777108 990092   2704 2983336 2060 1964 1936604  2982 43756 43822  0 98  0  1  0  0 2026-09-29 13:54:54
85  5 16777100 990612   2948 2977772  993  947 2025764  1108 42900 44498  0 98  0  1  0  0 2026-09-29 13:55:04
procs -----------memory---------- ---swap-- -----io---- -system-- -------cpu------- -----timestamp-----
 r  b   swpd   free   buff  cache   si   so    bi    bo   in   cs us sy id wa st gu                 BST
51 12 16777100 989452   2864 2982584 1039 1129 2053973  1192 42982 44685  0 98  0  1  0  0 2026-09-29 13:55:14
80 11 16777000 984916   2584 2977812  741  742 2007302   796 41463 42971  0 99  0  1  0  0 2026-09-29 13:55:24
67  5 16777052 988024   2232 2973868 1084 1108 1829938  1155 39257 39780  0 99  0  1  0  0 2026-09-29 13:55:34
98  3 16777084 988360   2356 2971132  614  624 1616056   636 36674 35841  0 99  0  0  0  0 2026-09-29 13:55:44
85 13 16777116 989616   2360 2969476  986  848 1561316   854 35783 34446  0 100  0  0  0  0 2026-09-29 13:55:54
91  4 16777012 988428   2316 2971612 1591 1320 1603912  1332 36362 35586  0 100  0  0  0  0 2026-09-29 13:56:04
86 10 16777012 988340   2304 2969492  621  575 1471772   580 35249 33990  0 100  0  0  0  0 2026-09-29 13:56:14
94  5 16777124 985812   2440 2970684 1801 1730 1487489  1746 35210 34345  0 100  0  0  0  0 2026-09-29 13:56:25
83 11 16777032 986880   2288 2971932  690  637 1587764   644 36212 35496  0 100  0  0  0  0 2026-09-29 13:56:35
111  3 16776968 985588   2228 2970376  358  367 1497122   433 35062 33499  0 100  0  0  0  0 2026-09-29 13:56:45
89  7 16777156 987620   2192 2971544  252  316 1446203   396 35041 33548  0 100  0  0  0  0 2026-09-29 13:56:55
82 10 16777032 987860   2468 2969716  439  415 1668543   445 37562 37756  0 99  0  0  0  0 2026-09-29 13:57:05
85  4 16776976 987432   2364 2971112  171  174 1761180   186 38828 38612  0 99  0  0  0  0 2026-09-29 13:57:16
93  5 16776968 987480   2196 2968396  173  216 1610024   226 37508 36641  0 99  0  0  0  0 2026-09-29 13:57:26
93  6 16777128 987452   2108 2969888  164  176 1291040   188 33712 30582  0 100  0  0  0  0 2026-09-29 13:57:36
110  5 16777056 981604   2272 2969380  156  138 1252651   140 32345 28968  0 100  0  0  0  0 2026-09-29 13:57:47
92  1 16777012 990012   2576 2967140  207  200 1224144   255 33526 29651  0 100  0  0  0  0 2026-09-29 13:57:57
74 14 16777072 982232   2216 2975380  152  156 1171389   203 33120 28735  0 100  0  0  0  0 2026-09-29 13:58:07
112  0 16777136 983732   2144 2967092  106  144 1067992   204 31111 26143  0 100  0  0  0  0 2026-09-29 13:58:18
13 25 16624572 996032   6856 3303600 6685 43414 952747 43471 35912 34854  0 98  0  1  0  0 2026-09-29 13:58:28
94 12 16777092 953856   2524 2985852 34100 48294 1549101 50592 53112 62452  1 93  0  6  0  0 2026-09-29 13:58:39
procs -----------memory---------- ---swap-- -----io---- -system-- -------cpu------- -----timestamp-----
 r  b   swpd   free   buff  cache   si   so    bi    bo   in   cs us sy id wa st gu                 BST
104  4 16777208 989024   2456 2969632  780  735 1321800   799 33772 29884  0 100  0  0  0  0 2026-09-29 13:58:49
109  2 16777120 978200   2256 2969056 1922 1748 1603840  1877 36328 35117  0 99  0  0  0  0 2026-09-29 13:58:59
 1 20 16771456 1001848   3520 3062220 81129 92738 654493 93673 43201 53720  3 16 63 18  0  0 2026-09-29 13:59:09
50  9 16776952 985056   2448 2959128 28982 32013 1214431 32107 65886 88580  1 65 10 24  0  0 2026-09-29 13:59:19
87  4 16777200 990248   2264 2955668  796  883 1686382   891 36596 34771  0 99  0  1  0  0 2026-09-29 13:59:30
93 19 16777164 981460   2500 2956944  476  424 1304708   435 35588 32292  0 100  0  0  0  0 2026-09-29 13:59:41
 2  5 16774480 1024712   7340 3235284 33892 37316 626959 37693 30434 29961  1 62 33  4  0  0 2026-09-29 13:59:51
39  2 16777180 988460   2580 2976332 45006 43982 789191 44120 71205 102332  3 34 34 29  0  0 2026-09-29 14:00:01
96  3 16777084 988376   2564 2950424  938  940 1864818   962 42904 43556  0 98  0  2  0  0 2026-09-29 14:00:11
80  6 16777084 987436   2520 2955632  787  830 1674927   885 37338 36372  0 99  0  0  0  0 2026-09-29 14:00:22
119  1 16777064 984420   2264 2953852  725  770 1651182   815 36050 35154  0 100  0  0  0  0 2026-09-29 14:00:32
123  9 16777060 988220   2108 2951516  380  393 1329612   462 33422 30462  0 100  0  0  0  0 2026-09-29 14:00:42
129  2 16777208 980860   2192 2951008  960  970 997133  1016 30325 25584  0 100  0  0  0  0 2026-09-29 14:00:52
 0  4 16758248 1003796   7020 3335860 30796 31181 796549 40795 40858 42880  1 81 14  5  0  0 2026-09-29 14:01:03
39  8 16776964 993304   2640 2971548 51998 51719 697442 58270 63823 91903  3 28 44 25  0  0 2026-09-29 14:01:13
45 12 16777112 988844   2336 2960312  567  863 2074403   915 50028 52993  0 96  0  4  0  0 2026-09-29 14:01:23
46  3 16777212 990272   2528 2969096 1074 1270 2111356  1288 46753 48234  0 97  0  3  0  0 2026-09-29 14:01:33
76  2 16777092 989448   2248 2950892 1590 1497 1977398  1510 42853 43124  0 98  0  2  0  0 2026-09-29 14:01:43
84  5 16777036 987388   2316 2949468  199  262 1313963   275 34172 30474  0 100  0  0  0  0 2026-09-29 14:01:53
 2  2 16777212 1080440   9444 3305580 22580 25501 806891 25585 31462 29787  0 72 24  3  0  0 2026-09-29 14:02:03
23 25 16777204 989340   2584 2973900 50254 49141 555746 49608 61816 89746  2 18 51 29  0  0 2026-09-29 14:02:13
procs -----------memory---------- ---swap-- -----io---- -system-- -------cpu------- -----timestamp-----
 r  b   swpd   free   buff  cache   si   so    bi    bo   in   cs us sy id wa st gu                 BST
68  4 16777080 986744   2520 2953996  914  905 2021816   938 50874 54629  0 95  0  5  0  0 2026-09-29 14:02:23
87  1 16777192 986984   2348 2951436  304  356 1576005   364 36567 35149  0 99  0  0  0  0 2026-09-29 14:02:33
115 10 16777032 978240   2132 2957320  564  600 1156061   603 32188 28173  0 100  0  0  0  0 2026-09-29 14:02:44
 9 15 16777168 1035640   7600 3114348 34968 38714 306547 39145 25637 27404  1 25 66  7  0  0 2026-09-29 14:02:54
32 12 16776960 988380   2708 2964260 17414 16721 1614456 16767 74595 100243  1 71  4 24  0  0 2026-09-29 14:03:04
49  2 16777036 989472   2548 2961544 1923 2192 2132824  2246 49371 52296  0 96  0  3  0  0 2026-09-29 14:03:14
62  7 16777008 989872   2468 2954340  300  282 1980239   296 42083 42182  0 98  0  1  0  0 2026-09-29 14:03:24
64  2 16777132 989788   2432 2958352  579  634 1885055   642 40345 41076  0 99  0  1  0  0 2026-09-29 14:03:34
74  7 16776968 986144   2564 2953948  415  397 1894296   412 39603 39566  0 99  0  1  0  0 2026-09-29 14:03:44
79  5 16777056 989316   2224 2949500   99  132 1757770   192 37442 36189  0 99  0  1  0  0 2026-09-29 14:03:54
93  7 16777120 986760   2164 2949428  126  120 1601104   196 35085 32703  0 100  0  0  0  0 2026-09-29 14:04:05
114  8 16777208 989532   2264 2950664  174  197 1625935   273 37789 35674  0 100  0  0  0  0 2026-09-29 14:04:16
115  0 16777084 977684   2140 2957704  143  125 1147027   182 32650 28205  0 100  0  0  0  0 2026-09-29 14:04:26
107  1 16777212 977292   2232 2951584  218  180 1163129   245 31616 26783  0 100  0  0  0  0 2026-09-29 14:04:39
119  5 16777152 982344   2180 2950980  360  399 1078532   457 36795 32463  0 100  0  0  0  0 2026-09-29 14:04:50
101  6 16777020 977480   2112 2953096  220  302 1005138   339 33684 28551  0 100  0  0  0  0 2026-09-29 14:05:00
126  7 16777208 984836   2380 2949088  262  325 1006460   382 31128 26387  0 100  0  0  0  0 2026-09-29 14:05:11
135  7 16777156 980920   2428 2950460  558  588 990851   642 30989 27026  0 100  0  0  0  0 2026-09-29 14:05:21
 1  1 3392528 14679944  19532 1220228 24254 25754 646541 25924 30962 29188  0 68 27  4  0  0 2026-09-29 14:05:31
