procs -----------memory---------- ---swap-- -----io---- -system-- -------cpu------- -----timestamp-----
 r  b   swpd   free   buff  cache   si   so    bi    bo   in   cs us sy id wa st gu                 BST
 0  0 1931456 108832228  32552 15536548  241 2144 29117  4050 4712    2  2  1 97  0  0  0 2026-09-29 15:27:44
 1  0 1930640 107714040  48272 16131152  138    0 54922  4134 6427 5284  3  1 94  2  0  0 2026-09-29 15:27:54
 2  0 1930632 106936900  70176 16398136    0    0 21152  2939 3588 3519  4  1 94  2  0  0 2026-09-29 15:28:04
 1  0 1930632 106044724  73004 16924932    0    0 51276  1074 4857 2891  8  2 89  1  0  0 2026-09-29 15:28:14
 3  0 1930620 104961336  73376 16931872    1    0   386  5594 4366 1856  9  2 89  0  0  0 2026-09-29 15:28:24
 0  0 1930616 105282832  73412 16932240    1    0    30  5985 2275 1291  1  0 99  0  0  0 2026-09-29 15:28:34
 0  0 1930612 105343864  73428 16932236    0    0     0  1864 1783 1146  0  0 100  0  0  0 2026-09-29 15:28:44
 0  0 1930556 105446304  73460 16932236    7    0     7  1518 1974 1220  0  0 100  0  0  0 2026-09-29 15:28:54
 0  0 1930548 105508132  73484 16932128    1    0     1   456 1998 1138  0  0 100  0  0  0 2026-09-29 15:29:04
 0  0 1930548 105543748  73492 16932124    0    0     0     3 1852 1143  0  0 100  0  0  0 2026-09-29 15:29:14
 1  0 1930496 105427840  73956 17011360    6    0  7229   879 1672 1337  0  0 99  0  0  0 2026-09-29 15:29:24
 1  0 1930496 32449636  74724 20333012    2    0 76716   501 9150 9289  3  4 93  1  0  0 2026-09-29 15:29:34
 1  0 1930472 28392848  74732 23880740    3    0 354636    14 18310 23650  8  2 88  1  0  0 2026-09-29 15:29:44
 2  0 1930360 22517268  74740 27497852   15    0 361724   745 18649 24169  8  2 88  1  0  0 2026-09-29 15:29:54
 1  0 1930216 16759048  74748 30992912   13    0 349538  2047 18672 24486  8  2 88  2  0  0 2026-09-29 15:30:04
 4  0 1930212 17323600  74756 34177060    2    0 318366    49 16224 21497  7  2 89  1  0  0 2026-09-29 15:30:14
 2  0 1930196 11533192  74764 37716620    3    0 353964   837 18309 23711  8  2 88  2  0  0 2026-09-29 15:30:24
 2  1 1930160 12105596  74772 40914084    4    0 319732     6 17670 22555  8  2 89  1  0  0 2026-09-29 15:30:34
 6  0 1930028 6633448  74780 44309792   31    0 339590    30 18066 23431  8  2 88  2  0  0 2026-09-29 15:30:44
 1  0 1929984 3646552  62496 45192100    7    0 345070   794 19045 24469  8  2 88  1  0  0 2026-09-29 15:30:54
 8  1 1929932 6382452  62508 45697284   12    0 323402     8 17100 22241  8  3 88  1  0  0 2026-09-29 15:31:04
procs -----------memory---------- ---swap-- -----io---- -system-- -------cpu------- -----timestamp-----
 r  b   swpd   free   buff  cache   si   so    bi    bo   in   cs us sy id wa st gu                 BST
 1  0 1929856 2743976  62516 47557336   12    0 336104    10 18315 23646  8  2 88  1  0  0 2026-09-29 15:31:14
 1  0 1929800 3280364  62532 44787444   10    0 340986     6 18564 23613  8  3 87  1  0  0 2026-09-29 15:31:24
 8  0 2640336 6610844  45844 46211312   22 69195 312669 69942 16992 21312  7  3 88  1  0  0 2026-09-29 15:31:34
 1  0 4143220 4734572  24732 47568476   73 136574 317544 137174 18393 22760  8  4 87  1  0  0 2026-09-29 15:31:44
 1  0 4144852 3268264  21784 46937244   94  298 331382   301 17474 22546  8  3 88  2  0  0 2026-09-29 15:31:54
 0  1 4255880 7294116  20252 47667640  125 11920 207285 11922 13408 15483  5  6 88  1  0  0 2026-09-29 15:32:04
 0  1 4255700 4188008  19548 48686432   71    0 345297   781 16608 22437  8  2 89  1  0  0 2026-09-29 15:32:14
 3  5 4255744 3957468  18864 46809100  131   39 335438    46 17010 22313  8  2 88  2  0  0 2026-09-29 15:32:24
 1  0 4255564 7552772  11512 47190560  132   18 309482    22 15768 20356  7  2 89  1  0  0 2026-09-29 15:32:34
 1  0 4255288 3930648  11640 48721836  114   10 333530    14 17664 22909  8  2 88  2  0  0 2026-09-29 15:32:44
 1  0 4255184 4083236  11496 46494244  121   22 332551   829 16979 22324  8  2 88  2  0  0 2026-09-29 15:32:54
 1  0 4254852 6473500  11520 47078316  353    1 400233     4 15322 19706  7  3 89  1  0  0 2026-09-29 15:33:04
 2  0 4254560 4226156  11540 49420056  380    0 309465     2 9410 11045  5  2 92  1  0  0 2026-09-29 15:33:14
 1  0 4330564 4972868   4592 46817908  149 7158 196440  8429 7431 7089  5  2 92  0  0  0 2026-09-29 15:33:24
 1  0 4336680 6225176   4592 43240088  166 1623 237968  1625 6823 6969  5  2 93  0  0  0 2026-09-29 15:33:34
 2  0 4336296 6416244   4640 41716152   94   53 130174    56 7041 6841  5  2 93  0  0  0 2026-09-29 15:33:44
 1  0 4336724 9178492   4156 36367876  142  162 270083   905 7304 6890  4  3 93  0  0  0 2026-09-29 15:33:54
 2  0 4429616 6079832   4052 37278120  112 7900 229350  8338 6350 6574  5  2 93  0  0  0 2026-09-29 15:34:04
 1  0 4590964 6647300   4048 34863360  137 5082 191438  5655 7133 6683  4  3 93  0  0  0 2026-09-29 15:34:14
 2  0 4590624 6789120   4064 33436236   94   28 131364    31 7328 7064  5  2 93  0  0  0 2026-09-29 15:34:24
 2  0 4590324 6864972   4100 31777088  107    6 162835     9 6651 6576  5  2 93  0  0  0 2026-09-29 15:34:34
procs -----------memory---------- ---swap-- -----io---- -system-- -------cpu------- -----timestamp-----
 r  b   swpd   free   buff  cache   si   so    bi    bo   in   cs us sy id wa st gu                 BST
 1  1 4590208 9625860   4280 25734360  112    9 326868   722 7206 7382  5  2 93  0  0  0 2026-09-29 15:34:44
 2  0 4589876 6628764   4236 27086504  100    0 165437     8 8563 11281  5  2 93  0  0  0 2026-09-29 15:34:54
 2  0 4544396 24535988   4128 22930704  295   97 376881   100 7831 8980  3  3 93  1  0  0 2026-09-29 15:35:04
 0  1 4365432 25671120   6564 23093664 15758    0 32230   759 7543 9101  1  1 94  4  0  0 2026-09-29 15:35:14
 0  1 4365248 19876216   6580 28970324   28    0 587686     5 6199 7789  1  1 95  3  0  0 2026-09-29 15:35:24
 0  1 4364912 13561264   6596 35340844   46    0 637102     3 6424 8121  1  1 94  4  0  0 2026-09-29 15:35:34
 0  1 4364660 6788008   6624 42147588   34    0 680690   812 6492 8411  1  1 95  4  0  0 2026-09-29 15:35:44
 1  1 4364308 1225100   6652 47754552   50    0 630476    17 5997 7853  1  1 94  4  0  0 2026-09-29 15:35:54
 0  1 4442056 1906144   4720 46808716 16608 14678 443915 15334 10556 14047  2  2 91  4  0  0 2026-09-29 15:36:04
 0  0 4441404 6138928   9348 46878900 30883    0 35052    11 7036 9256  0  1 96  3  0  0 2026-09-29 15:36:14
 0  0 4440864 6213656   9356 46880216  156    0   288     3 2837 2817  0  0 99  0  0  0 2026-09-29 15:36:24
 0  0 4440468 6294312   9364 46881516   85    0   192   745 2931 2775  0  0 99  0  0  0 2026-09-29 15:36:34
 0  0 4440236 6357848   9380 46882564   37    0   141    27 2608 2628  0  0 99  0  0  0 2026-09-29 15:36:44
 0  0 4439996 6358544  12728 46892832   29    0  1362     5 2885 2841  0  0 99  0  0  0 2026-09-29 15:36:54
 0  0 4439704 6363156  12744 46893528   73    0   139   744 2761 2647  0  0 99  0  0  0 2026-09-29 15:37:04
 0  0 4439476 6363788  12752 46894260   73    0   146     1 2808 2686  0  0 99  0  0  0 2026-09-29 15:37:14
 0  1 4425012 6199068  12896 46913532 2327    0  4268     3 3344 3313  0  0 99  0  0  0 2026-09-29 15:37:24
 1  0 4421176 2588844  15372 47822992 7878    0 60367   853 5936 5269  4  1 94  2  0  0 2026-09-29 15:37:34
 2  0 4418648 2016748  15396 47836688 1522    0  2324    42 4773 3322  7  1 91  1  0  0 2026-09-29 15:37:44
 1  0 4418200 1960020  21480 48096184 1739    0 27500   124 4619 3965  3  2 94  1  0  0 2026-09-29 15:37:54
 3  0 4417660 2345876   9644 30959604  374  130  2474  1035 4686 3356  3  3 93  0  0  0 2026-09-29 15:38:04
procs -----------memory---------- ---swap-- -----io---- -system-- -------cpu------- -----timestamp-----
 r  b   swpd   free   buff  cache   si   so    bi    bo   in   cs us sy id wa st gu                 BST
 0  0 4417948 1940564   9664 23085792   88  103  4056 12900 3371 2904  0  2 98  0  0  0 2026-09-29 15:38:14
 0  0 4417356 1729620  12752 23179220   95    0  8436   868 3461 3092  2  0 97  0  0  0 2026-09-29 15:38:24
 1  0 4417072 1928332  15968 22196232  104   40  8871  1930 5020 3598  5  1 94  0  0  0 2026-09-29 15:38:34
 1  0 4416772 2010712  13180 21828048   80    7  1442   125 4753 3531  4  1 95  0  0  0 2026-09-29 15:38:44
 0  0 4416776 2260820  13188 21212552    7   14    33  1300 3565 2789  4  0 95  0  0  0 2026-09-29 15:38:54
 2  0 4416604 2216940  13876 20158656  122   48  2677   850 5057 3198  7  2 91  0  0  0 2026-09-29 15:39:04
 1  0 4416492 1243264  14768 20191312   97    0  1401   457 4155 3073  5  1 94  0  0  0 2026-09-29 15:39:14
 2  0 4416388 3660532  14800 20195856   14    0   216    67 4755 2788  6  4 90  0  0  0 2026-09-29 15:39:24
 0  0 4416132 3450196  18024 20273276   34    0  6914  1178 3121 2802  2  1 97  0  0  0 2026-09-29 15:39:34
 0  0 4416108 3584864  18076 20274588    5    0   132  2644 2778 2645  0  0 99  0  0  0 2026-09-29 15:39:44
 0  0 4415952 3652756  18092 20274940   38    0    72   804 2865 2789  0  0 99  0  0  0 2026-09-29 15:39:54
 0  0 4415912 3646396  18468 20283644    8    0   893   897 3016 2866  0  0 99  0  0  0 2026-09-29 15:40:04
 0  0 4415884 3641004  18476 20284708    5    0   112   734 2257 2356  0  0 100  0  0  0 2026-09-29 15:40:14
 1  0 4415564 3361964  21372 20431264   60    0 13023    12 7825 6228  3  1 95  0  0  0 2026-09-29 15:40:24
 1  0 4415256 3396040  21388 20431260   22    0    22    61 5162 4864  5  1 94  0  0  0 2026-09-29 15:40:34
 2  0 4415216 3407688  21404 20431256    0    0     0   817 4638 4338  3  1 95  0  0  0 2026-09-29 15:40:44
 0  0 4415176 3402108  21412 20431416    2    0    17   171 4414 4228  3  1 96  0  0  0 2026-09-29 15:40:54
 2  0 4415080 1903564  19096 20091584   16    4   957   134 4574 3403  6  2 92  0  0  0 2026-09-29 15:41:04
 3  0 4415052 1900444  19112 20092244   20    0    33   672 2976 2989  2  1 97  0  0  0 2026-09-29 15:41:14
 0  0 4414884 1909120  19124 20092368   28    0    41    12 4042 3898  3  1 96  0  0  0 2026-09-29 15:41:24
 1  0 4414652 1932324  19132 20092720   54    0    74     3 3963 3805  3  1 96  0  0  0 2026-09-29 15:41:34
procs -----------memory---------- ---swap-- -----io---- -system-- -------cpu------- -----timestamp-----
 r  b   swpd   free   buff  cache   si   so    bi    bo   in   cs us sy id wa st gu                 BST
 1  0 4414472 1902804  19140 20093436   43    0   114    56 3802 3697  2  1 97  0  0  0 2026-09-29 15:41:44
 0  0 4414236 1879840  19148 20093800   56    0    92   647 3909 3827  3  1 97  0  0  0 2026-09-29 15:41:54
 1  0 4414204 1882784  19156 20094172    8    0    45     3 4159 3900  3  1 96  0  0  0 2026-09-29 15:42:04
 1  0 4413928 1891032  19176 20094760   71    0    78     8 3964 3700  2  1 97  0  0  0 2026-09-29 15:42:14
 0  0 4413888 1921580  19192 20094852   13    0    23   666 4324 4048  4  1 96  0  0  0 2026-09-29 15:42:24
 1  0 4413736 1887280  19200 20095112   34    0    58     1 3744 3599  2  1 97  0  0  0 2026-09-29 15:42:34
 1  0 4413668 1852468  19208 20095468    8    0    30    62 4339 4010  4  1 95  0  0  0 2026-09-29 15:42:44
 1  0 4413648 1846588  19216 20095520    4    0    10   580 3482 3449  3  1 97  0  0  0 2026-09-29 15:42:54
 1  0 4413624 1881620  19224 20095504    6    0     6     9 3372 3410  3  1 96  0  0  0 2026-09-29 15:43:04
 0  0 4413540 1864428  19232 20095504   12    0    12     3 4195 3880  3  1 96  0  0  0 2026-09-29 15:43:14
 0  0 4413320 1847052  19240 20095688   49    0    68     6 3851 3613  3  1 97  0  0  0 2026-09-29 15:43:24
 1  0 4413180 1851572  19248 20095688   70    0    70   647 4290 3904  4  1 95  0  0  0 2026-09-29 15:43:34
 0  0 4413156 1838756  19256 20096068    4    0    41     3 3874 3680  3  1 96  0  0  0 2026-09-29 15:43:44
 2  0 4412740 1829628  19264 20096156   10    0    19     2 3861 3652  3  1 96  0  0  0 2026-09-29 15:43:54
 0  0 4412624 1830360  19288 20096240   16    0    25  1069 4248 4029  3  1 96  0  0  0 2026-09-29 15:44:04
 2  0 4412524 1818512  19312 20096244   29    0    29     7 3833 3592  3  1 96  0  0  0 2026-09-29 15:44:14
 2  0 4412368 1787788  19320 20096244   58    0    58     3 4350 3587  4  1 94  0  0  0 2026-09-29 15:44:24
 2  0 4412348 1782852  19328 20099312   14    0   321   565 3883 3019  5  1 93  0  0  0 2026-09-29 15:44:34
 1  0 4412308 1797708  19336 20099800   10    0    59     5 4794 4046  5  2 93  0  0  0 2026-09-29 15:44:44
 0  0 4412216 1796220  19344 20099936   54    0    67     3 3912 3857  2  1 97  0  0  0 2026-09-29 15:44:54
 0  0 4412180 1808536  20048 20099960    6    0    77     3 2757 2968  0  0 99  0  0  0 2026-09-29 15:45:04
procs -----------memory---------- ---swap-- -----io---- -system-- -------cpu------- -----timestamp-----
 r  b   swpd   free   buff  cache   si   so    bi    bo   in   cs us sy id wa st gu                 BST
 0  0 4412176 1792324  20064 20100040    5    0    13   686 2858 2971  0  0 99  0  0  0 2026-09-29 15:45:14
 1  0 4412128 1791948  20080 20100032    8    0     8     7 2881 3078  1  0 99  0  0  0 2026-09-29 15:45:24
 0  0 4412080 1761984  20088 20100040    5    0     5     5 5230 4723  4  1 94  0  0  0 2026-09-29 15:45:34
 0  0 4411980 1777568  20376 20100044   14    0    40   630 2814 3001  0  0 99  0  0  0 2026-09-29 15:45:44
 0  0 4411836 1780544  20508 20100116   26    0    44     1 2721 2977  0  0 99  0  0  0 2026-09-29 15:45:54
 0  0 4411740 1764240  20516 20100168   48    0    54     4 2846 3064  0  0 99  0  0  0 2026-09-29 15:46:04
 1  0 4411584 1778808  20524 20100316   16    0    31   626 4395 4220  3  1 96  0  0  0 2026-09-29 15:46:14
 3  0 4411556 1786740  20532 20100316    6    0     6     8 4537 4328  5  1 94  0  0  0 2026-09-29 15:46:24
 2  0 4411472 1763036  20540 20100332   49    0    50     3 5051 4696  5  1 94  0  0  0 2026-09-29 15:46:34
 1  0 4411404 1761380  20548 20100336   13    0    13   634 5323 4830  5  1 94  0  0  0 2026-09-29 15:46:44
 0  0 4411340 1777312  20556 20100332    8    0     8     8 5408 4738  5  1 94  0  0  0 2026-09-29 15:46:54
 2  0 4411056 1812540  20564 20100792   60    0   106     3 5205 4540  5  1 94  0  0  0 2026-09-29 15:47:04
 1  0 4410944 1809052  20572 20100880   27    0    32     3 4744 4122  5  1 94  0  0  0 2026-09-29 15:47:14
 1  0 4410840 1791564  20588 20101004   24    0    37   759 4827 4381  5  1 94  0  0  0 2026-09-29 15:47:24
 1  0 4410740 1783160  20596 20101992   19    0   118     1 4941 4352  5  1 94  0  0  0 2026-09-29 15:47:34
 1  0 4410636 1767328  20604 20102272   71    0    99     4 4881 4284  5  1 94  0  0  0 2026-09-29 15:47:44
 1  0 4410616 1794744  20612 20102656    5    0    44   631 4705 4249  5  1 94  0  0  0 2026-09-29 15:47:54
 1  0 4410604 1807832  20620 20102656    1    0     1     6 3894 3731  5  1 94  0  0  0 2026-09-29 15:48:04
 1  0 4410592 1797736  20628 20102812   12    0    28     3 4892 4395  5  1 94  0  0  0 2026-09-29 15:48:14
 1  0 4410588 1815156  20636 20102812    1    0     1     3 4824 4270  5  1 94  0  0  0 2026-09-29 15:48:24
 1  0 4410584 1789284  20644 20102816    1    0     1   582 4660 4243  5  1 94  0  0  0 2026-09-29 15:48:34
procs -----------memory---------- ---swap-- -----io---- -system-- -------cpu------- -----timestamp-----
 r  b   swpd   free   buff  cache   si   so    bi    bo   in   cs us sy id wa st gu                 BST
 1  0 4410564 1795032  20652 20102816    2    0     2     3 4692 4353  5  1 94  0  0  0 2026-09-29 15:48:44
 0  0 4410552 1745284  20660 20102816    5    0     5     2 4746 4300  5  1 94  0  0  0 2026-09-29 15:48:54
 1  0 4410552 1758272  20676 20102816    0    0     0   657 4649 4173  5  1 94  0  0  0 2026-09-29 15:49:04
 1  0 4410548 1792548  20724 20102884    1    0     7   397 4736 4245  5  1 94  0  0  0 2026-09-29 15:49:14
 1  0 4410524 1797788  20732 20102932    4    0     8     3 4766 4271  5  1 94  0  0  0 2026-09-29 15:49:24
 2  0 4410520 1788384  20740 20103060    2    0    14   520 4577 4035  5  1 94  0  0  0 2026-09-29 15:49:34
 1  0 4410516 1821580  20748 20103292    0    0    19     6 4356 4033  5  1 94  0  0  0 2026-09-29 15:49:44
 1  0 4410512 1816668  20756 20103292    0    0     0     3 4714 4242  5  1 94  0  0  0 2026-09-29 15:49:54
 1  0 4410504 1796184  20768 20103376    0    0     8     6 4817 4240  5  1 94  0  0  0 2026-09-29 15:50:04
 1  0 4410504 1799192  20784 20103368    0    0     0   667 4614 4078  5  1 94  0  0  0 2026-09-29 15:50:14
 1  0 4410496 1807568  20792 20103440    0    0     0     4 4673 4203  5  1 94  0  0  0 2026-09-29 15:50:24
 1  0 4410496 1797828  20800 20103440    0    0     0     3 4826 4305  5  1 94  0  0  0 2026-09-29 15:50:34
 1  0 4410496 1812256  20820 20103664    0    0     8   649 4598 4131  5  1 94  0  0  0 2026-09-29 15:50:44
 1  0 4410492 1790712  20828 20103664    0    0     0     3 4151 3511  5  1 94  0  0  0 2026-09-29 15:50:54
 1  0 4410492 1779628  20836 20103680    0    0     0     3 4421 3622  5  1 94  0  0  0 2026-09-29 15:51:04
 1  0 4410492 1792276  20844 20103672    0    0     0   600 3230 2921  5  1 94  0  0  0 2026-09-29 15:51:14
 1  0 4410476 1822200  20852 20103856    2    0    21     6 4344 3559  5  1 94  0  0  0 2026-09-29 15:51:24
 1  0 4410476 1813344  20860 20103988    0    0     0     3 4209 3495  5  1 94  0  0  0 2026-09-29 15:51:34
 1  0 4410476 1822500  20868 20103996    0    0     0     3 4581 4090  5  1 94  0  0  0 2026-09-29 15:51:44
 1  0 4410464 1819320  20876 20103996    4    0     4   667 4590 4189  5  1 94  0  0  0 2026-09-29 15:51:54
 1  0 4410460 1822428  20884 20103996    2    0     2     2 4726 4231  5  1 94  0  0  0 2026-09-29 15:52:04
procs -----------memory---------- ---swap-- -----io---- -system-- -------cpu------- -----timestamp-----
 r  b   swpd   free   buff  cache   si   so    bi    bo   in   cs us sy id wa st gu                 BST
 2  0 4410448 1800592  20892 20104008    2    0     2     3 4916 4384  5  1 94  0  0  0 2026-09-29 15:52:14
 1  0 4410436 1788768  20900 20104080    1    0     1   610 4717 4221  5  1 94  0  0  0 2026-09-29 15:52:24
 1  0 4410284 1797460  20908 20104080   34    0    34     5 4749 4230  5  1 94  0  0  0 2026-09-29 15:52:34
 1  0 4410280 1808280  20916 20104080    1    0     1     3 4003 3756  5  1 94  0  0  0 2026-09-29 15:52:44
 1  0 4410280 1812016  20924 20104208    2    0    15   642 4676 4187  5  1 94  0  0  0 2026-09-29 15:52:54
 1  0 4410280 1803076  20932 20104312    0    0    10     7 4910 4347  5  1 94  0  0  0 2026-09-29 15:53:04
 1  0 4410268 1796796  20940 20104556    1    0    25     3 4898 4404  5  1 94  0  0  0 2026-09-29 15:53:14
 1  0 4410268 1765852  20948 20104576    0    0     2     6 4704 4235  5  1 94  0  0  0 2026-09-29 15:53:24
 1  0 4410260 1780236  20956 20104576    1    0     1   609 4737 4369  5  1 94  0  0  0 2026-09-29 15:53:34
 1  0 4410256 1798276  20964 20104776    0    0    18     3 4823 4395  5  1 94  0  0  0 2026-09-29 15:53:44
 1  0 4410180 1795156  20972 20104856    4    0     4     3 4625 4217  5  1 94  0  0  0 2026-09-29 15:53:54
 1  0 4410176 1784900  20980 20104988    0    0    13   604 4386 3763  5  1 94  0  0  0 2026-09-29 15:54:04
 1  0 4410164 1791104  21028 20104992    2    0     2   364 4221 3512  5  1 94  0  0  0 2026-09-29 15:54:14
 1  0 4410144 1798264  21036 20104992    2    0     2     3 3317 2954  5  1 94  0  0  0 2026-09-29 15:54:24
 1  0 4410140 1793772  21044 20104992    2    0     2   493 4482 3603  5  1 94  0  0  0 2026-09-29 15:54:34
 1  0 4410148 2162504  19632 19702660    0    1     0    10 4184 3480  5  1 94  0  0  0 2026-09-29 15:54:44
 1  0 4410148 2167032  19652 19706512    0    0   370    14 4707 4235  5  1 94  0  0  0 2026-09-29 15:54:54
 1  0 4410044 2183120  19660 19706512   13    0    13     3 4967 4301  5  1 94  0  0  0 2026-09-29 15:55:04
 1  0 4409940 2170944  19676 19706792   30    0    45   710 4849 4257  5  1 94  0  0  0 2026-09-29 15:55:14
 1  0 4409904 2177388  19684 19706804    6    0     6   589 4931 4316  5  1 94  0  0  0 2026-09-29 15:55:24
 1  0 4409832 2169688  19800 19708724   20    0   222     3 4772 4373  5  1 94  0  0  0 2026-09-29 15:55:34
procs -----------memory---------- ---swap-- -----io---- -system-- -------cpu------- -----timestamp-----
 r  b   swpd   free   buff  cache   si   so    bi    bo   in   cs us sy id wa st gu                 BST
 1  0 4409756 2162216  19808 19708752   19    0    22   656 4625 4258  5  1 94  0  0  0 2026-09-29 15:55:44
 1  0 4409752 2166580  19816 19708752    0    0     0     5 3658 3610  5  1 94  0  0  0 2026-09-29 15:55:54
 1  0 4409724 2172184  19824 19708780    5    0     8     3 4572 4220  5  1 94  0  0  0 2026-09-29 15:56:04
 1  0 4409664 2160092  19832 19708844   10    0    17     3 4819 4260  5  1 94  0  0  0 2026-09-29 15:56:14
 1  0 4409564 2150728  19856 19711880   29    0    47   625 4309 3759  5  1 94  0  0  0 2026-09-29 15:56:24
 2  0 4409524 2120076  19876 19714780   19    0    24     3 4158 3468  5  1 94  0  0  0 2026-09-29 15:56:34
 1  0 4409508 2130344  19888 19714844    2    0     9    13 4317 3624  5  1 94  0  0  0 2026-09-29 15:56:44
 0  0 4409340 2144112  19904 19714864   32    0    33   946 5312 4427  5  1 94  0  0  0 2026-09-29 15:56:54
 2  0 4409336 2157208  19916 19714928    3    0    10   282 3410 2502  5  1 94  0  0  0 2026-09-29 15:57:04
 1  0 4409276 2124100  19924 19714940   15    0    15    10 3686 2522  6  2 93  0  0  0 2026-09-29 15:57:14
 2  0 4409188 2123960  19932 19715052   24    0    36   681 4208 3783  5  1 94  0  0  0 2026-09-29 15:57:24
 1  0 4409188 2156152  19940 19715056    2    0     2     5 4121 3995  5  1 94  0  0  0 2026-09-29 15:57:34
 1  0 4409112 2159976  19948 19715060   29    0    29     3 4821 4389  5  1 94  0  0  0 2026-09-29 15:57:44
 2  0 4408976 2159788  19956 19718640   78    0   436     5 5052 4414  5  1 94  0  0  0 2026-09-29 15:57:54
 1  0 4408932 2172824  19964 19718648   22    0    23   629 4866 4294  5  1 94  0  0  0 2026-09-29 15:58:04
 3  0 4408856 2160768  19972 19718660   63    0    63     2 4646 4235  5  1 94  0  0  0 2026-09-29 15:58:14
 1  0 4408800 2155708  19980 19718664   17    0    17     3 4676 4309  5  1 94  0  0  0 2026-09-29 15:58:24
 1  0 4408772 2155308  19988 19718664    4    0     4   638 4695 4273  5  1 94  0  0  0 2026-09-29 15:58:34
 3  0 4408732 2146104  19996 19718664   20    0    20     5 4610 4208  5  1 94  0  0  0 2026-09-29 15:58:44
 1  0 4408704 2150348  20004 19718664    2    0     2     3 4776 4356  5  1 94  0  0  0 2026-09-29 15:58:54
 1  0 4408700 2153152  20012 19718668    0    0     0   589 3849 3652  5  1 94  0  0  0 2026-09-29 15:59:04
procs -----------memory---------- ---swap-- -----io---- -system-- -------cpu------- -----timestamp-----
 r  b   swpd   free   buff  cache   si   so    bi    bo   in   cs us sy id wa st gu                 BST
 1  0 4408604 2147200  20036 19718672   13    0    13   438 4700 4258  5  1 94  0  0  0 2026-09-29 15:59:14
 0  0 4408468 2130928  20060 19718824   48    0    64     8 4890 4375  5  1 94  0  0  0 2026-09-29 15:59:24
 2  0 4408420 2148392  20068 19718888   17    0    24     3 4821 4265  5  1 94  0  0  0 2026-09-29 15:59:34
 1  0 4408408 2143188  20076 19718888    2    0     2   562 4800 4285  5  1 94  0  0  0 2026-09-29 15:59:44
 1  0 4408240 2143264  20084 19718888   13    0    13     2 4819 4225  5  1 94  0  0  0 2026-09-29 15:59:54
 1  0 4408236 2163140  20096 19719156    0    0    20     4 4748 4290  5  1 94  0  0  0 2026-09-29 16:00:04
 1  0 4408232 2144000  20104 19719184    1    0     3   683 4678 4231  5  1 94  0  0  0 2026-09-29 16:00:14
 1  0 4408220 2145816  20112 19719380    3    0    22     5 4626 4216  5  1 94  0  0  0 2026-09-29 16:00:24
 2  0 4408220 2133504  20124 19719384    2    0     3     4 4609 4220  5  1 94  0  0  0 2026-09-29 16:00:34
 1  0 4408216 2142628  20132 19719412    1    0     4   625 4097 3829  5  1 94  0  0  0 2026-09-29 16:00:44
 1  0 4408208 2146660  20140 19719536    2    0    14     7 4849 4291  5  1 94  0  0  0 2026-09-29 16:00:54
 1  0 4408196 2136584  20148 19719536    1    0     1     3 4860 4344  5  1 94  0  0  0 2026-09-29 16:01:04
 1  0 4408188 2135424  20156 19719616    1    0     9     5 5102 4485  5  1 94  0  0  0 2026-09-29 16:01:14
 1  0 4408172 2147388  20164 19719616    1    0     1   637 4824 4278  5  1 94  0  0  0 2026-09-29 16:01:24
 2  0 4408164 2131584  20172 19719696    3    0     7     2 4678 3884  5  1 93  0  0  0 2026-09-29 16:01:34
 2  0 4408164 2108628  20180 19719696    0    0     0     3 4361 3178  6  1 92  0  0  0 2026-09-29 16:01:44
 2  0 4408156 2109056  20188 19719696    2    0     2   630 4500 3200  7  1 92  0  0  0 2026-09-29 16:01:54
 2  0 4408156 2140220  20196 19719696    2    0     2    10 4378 3220  6  1 92  0  0  0 2026-09-29 16:02:04
 1  1 4408140 2107676  20204 19719704    4    0     4     3 3772 3160  6  1 93  0  0  0 2026-09-29 16:02:14
 1  0 4408136 2124520  20212 19719736    0    0     3   605 4425 3656  5  1 94  0  0  0 2026-09-29 16:02:24
 1  0 4408132 2116712  20220 19719804    0    0     7     5 4458 3808  5  1 94  0  0  0 2026-09-29 16:02:34
procs -----------memory---------- ---swap-- -----io---- -system-- -------cpu------- -----timestamp-----
 r  b   swpd   free   buff  cache   si   so    bi    bo   in   cs us sy id wa st gu                 BST
 1  0 4408132 2131816  20228 19719804    1    0     1     8 4437 3744  5  1 94  0  0  0 2026-09-29 16:02:44
 1  0 4408128 2169644  20244 19719796    0    0     0     6 4390 3756  5  1 94  0  0  0 2026-09-29 16:02:54
 1  0 4408124 2147288  20252 19719932    1    0     1   641 4491 3866  5  1 94  0  0  0 2026-09-29 16:03:04
 1  0 4408104 2152636  20260 19719936    4    0     4     7 4725 4100  5  1 94  0  0  0 2026-09-29 16:03:14
 1  0 4408024 2143644  20268 19719936   15    0    15     4 4610 4032  5  1 94  0  0  0 2026-09-29 16:03:24
 1  0 4408024 2143856  20276 19719936    0    0     0   635 4457 3874  5  1 94  0  0  0 2026-09-29 16:03:34
 1  0 4408024 2150236  20284 19719936    0    0     0     5 3953 3405  5  1 94  0  0  0 2026-09-29 16:03:44
 1  0 4408016 2159352  20292 19719996    1    0     6     6 4033 3540  5  1 94  0  0  0 2026-09-29 16:03:54
 1  0 4408008 2160300  20300 19720064    0    0     0   662 4310 3749  5  1 94  0  0  0 2026-09-29 16:04:04
 2  0 4407984 2022804  21364 19809500   10    0  7314   276 6470 4784  6  1 93  0  0  0 2026-09-29 16:04:14
 3  0 4410756 3836208  22228 18084668    4  578 27050 13329 5660 4295  8  2 90  0  0  0 2026-09-29 16:04:24
 2  0 4410740 3703620  22924 18098924    2    0  1403     6 11392 9432  8  3 89  0  0  0 2026-09-29 16:04:34
 2  0 4410684 3704088  22968 18110020    8    0  1077  1979 11097 7864  5  4 90  0  0  0 2026-09-29 16:04:44
 2  0 4410544 3689888  22976 18110800   36    0   114 12228 14014 11011  6  4 90  0  0  0 2026-09-29 16:04:54
 1  0 4410512 3682048  23124 18111080   17    0    48    19 9943 7695  6  5 90  0  0  0 2026-09-29 16:05:04
 4  0 4410496 3702288  23132 18111088    3    0     3   700 13427 10243  6  4 90  0  0  0 2026-09-29 16:05:14
 1  0 4410460 3742216  24752 18114528    2    0   506     6 9539 7284  6  4 90  0  0  0 2026-09-29 16:05:24
 1  0 4410400 3738628  24760 18114532    6    0     6    10 4555 3875  5  1 94  0  0  0 2026-09-29 16:05:34
 1  0 4410372 3743832  24772 18114532    5    0     5     7 4654 3854  5  1 94  0  0  0 2026-09-29 16:05:44
 1  0 4410352 3757060  24788 18114756    3    0    25   616 4475 3883  5  1 94  0  0  0 2026-09-29 16:05:54
 1  0 4410280 3737940  24796 18114760    8    0     9    10 4413 3792  5  1 94  0  0  0 2026-09-29 16:06:04
procs -----------memory---------- ---swap-- -----io---- -system-- -------cpu------- -----timestamp-----
 r  b   swpd   free   buff  cache   si   so    bi    bo   in   cs us sy id wa st gu                 BST
 1  0 4410160 3728816  24804 18115088   32    0    65     3 4297 3728  5  1 94  0  0  0 2026-09-29 16:06:14
 1  0 4410076 3750640  24812 18115096   30    0    30   662 4505 3954  5  1 94  0  0  0 2026-09-29 16:06:24
 0  0 4410000 3740648  24820 18115096   10    0    10     3 4265 3713  5  1 94  0  0  0 2026-09-29 16:06:34
 2  0 4410000 3704688  24828 18115108    2    0    14     4 4439 3722  5  1 94  0  0  0 2026-09-29 16:06:44
 1  0 4409856 3730292  24836 18115412   49    0    69   637 3893 3508  5  1 94  0  0  0 2026-09-29 16:06:54
 1  0 4409840 3755184  24844 18115412   10    0    10     5 4496 3873  5  1 94  0  0  0 2026-09-29 16:07:04
 2  0 4409704 3747412  24852 18115416   41    0    41     7 4545 3960  5  1 94  0  0  0 2026-09-29 16:07:14
 1  0 4409612 3731944  24860 18115744   20    0    52     3 4693 4093  5  1 94  0  0  0 2026-09-29 16:07:24
 1  0 4409468 3737348  24868 18115748   54    0    54   650 4522 3775  5  1 94  0  0  0 2026-09-29 16:07:34
 1  0 4409384 3740516  24876 18115748   11    0    11     4 4370 3601  5  1 94  0  0  0 2026-09-29 16:07:44
 1  0 4409244 3725244  24884 18116124   52    0    89     3 4393 3766  5  1 94  0  0  0 2026-09-29 16:07:54
 2  0 4409216 3725344  24892 18116128   18    0    18   688 4142 3713  5  1 94  0  0  0 2026-09-29 16:08:04
 1  0 4409180 3711284  24900 18116320   14    0    34     6 4436 3694  5  1 94  0  0  0 2026-09-29 16:08:14
 2  0 4409180 3725824  24908 18116320    0    0     0     9 3537 3127  5  1 94  0  0  0 2026-09-29 16:08:24
 1  0 4409080 3725376  24916 18116320   16    0    16   617 4383 3731  5  1 94  0  0  0 2026-09-29 16:08:34
 1  0 4409080 3726876  24924 18116368    2    0     7     4 4403 3749  5  1 94  0  0  0 2026-09-29 16:08:44
 1  0 4409064 3733432  24932 18116404    4    0     7     6 4390 3731  5  1 94  0  0  0 2026-09-29 16:08:54
 1  0 4409032 3713868  24940 18116512    4    0    14     5 4453 3692  5  1 94  0  0  0 2026-09-29 16:09:04
 1  0 4408960 3740128  24948 18116512   14    0    14   614 4518 3808  5  1 94  0  0  0 2026-09-29 16:09:14
 1  0 4408788 3747424  25004 18116512   46    0    46   361 4387 3802  5  1 94  0  0  0 2026-09-29 16:09:24
 1  0 4408564 3727372  25012 18116572   67    0    72     9 4439 3722  5  1 94  0  0  0 2026-09-29 16:09:34
procs -----------memory---------- ---swap-- -----io---- -system-- -------cpu------- -----timestamp-----
 r  b   swpd   free   buff  cache   si   so    bi    bo   in   cs us sy id wa st gu                 BST
 1  0 4408452 3745592  25020 18116572   37    0    37   588 4212 3616  5  1 94  0  0  0 2026-09-29 16:09:44
 2  0 4408452 3758032  25028 18116572    0    0     0     4 3925 3345  5  1 94  0  0  0 2026-09-29 16:09:54
 1  0 4408372 3745448  25040 18116876   13    0    49     4 4192 3749  5  1 94  0  0  0 2026-09-29 16:10:04
 2  0 4408300 3736608  25048 18116996   14    0    14   670 4578 3683  5  1 94  0  0  0 2026-09-29 16:10:14
 1  0 4408236 3745684  25056 18117184   10    0    29     4 4469 3796  5  1 94  0  0  0 2026-09-29 16:10:24
 1  0 4408168 3742208  25064 18117224    8    0    12     4 4342 3725  5  1 94  0  0  0 2026-09-29 16:10:34
 1  0 4408056 3739876  25072 18117232   21    0    22     9 4425 3642  5  1 94  0  0  0 2026-09-29 16:10:44
 1  0 4407920 3730248  25088 18117352   26    0    38   628 4401 3777  5  1 94  0  0  0 2026-09-29 16:10:54
 1  0 4407848 3734832  25096 18117356   11    0    11     1 4416 3755  5  1 94  0  0  0 2026-09-29 16:11:04
 1  0 4407840 3727360  25104 18117356    5    0     5     4 4420 3819  5  1 94  0  0  0 2026-09-29 16:11:14
 3  0 4407792 3729628  25112 18117356    6    0     6   618 3811 3398  5  1 94  0  0  0 2026-09-29 16:11:24
 2  0 4407720 3730364  25120 18117356   25    0    25     5 4077 3624  5  1 94  0  0  0 2026-09-29 16:11:34
 1  0 4407696 3747720  25128 18117356   40    0    40     3 4628 4022  5  1 94  0  0  0 2026-09-29 16:11:44
 1  0 4407680 3742728  25136 18117356   15    0    15     7 4474 3813  5  1 94  0  0  0 2026-09-29 16:11:54
 1  0 4407672 3742332  25144 18117472    1    0     6   553 4486 3636  6  1 93  0  0  0 2026-09-29 16:12:04
 1  0 4407664 3742924  25152 18117568    2    0    12     2 4525 3722  6  1 94  0  0  0 2026-09-29 16:12:14
 1  0 4407656 3745968  25160 18117568    3    0     3     5 4481 3782  5  1 94  0  0  0 2026-09-29 16:12:24
 1  0 4407156 3746796  25176 18125288   54    0   825   640 4725 3937  5  1 94  0  0  0 2026-09-29 16:12:34
 1  0 4406868 3739132  25192 18125388   28    0    38     7 4529 3832  5  1 94  0  0  0 2026-09-29 16:12:44
 4  0 4405952 3737912  25200 18127124  144    0   336     3 4520 3839  5  1 94  0  0  0 2026-09-29 16:12:54
 1  0 4405908 3745076  25208 18127480    4    0    21   392 4006 3445  5  1 94  0  0  0 2026-09-29 16:13:04
procs -----------memory---------- ---swap-- -----io---- -system-- -------cpu------- -----timestamp-----
 r  b   swpd   free   buff  cache   si   so    bi    bo   in   cs us sy id wa st gu                 BST
 1  0 4405804 3725496  25224 18127480   13    0    13   274 4480 3831  5  1 94  0  0  0 2026-09-29 16:13:14
 1  0 4405796 3744048  25232 18127608    3    0     3     4 4482 3670  5  1 94  0  0  0 2026-09-29 16:13:24
 1  0 4405748 3731992  25248 18127612   13    0    13    13 4688 3892  5  1 94  0  0  0 2026-09-29 16:13:34
 1  0 4405732 3735944  25256 18127616    2    0     2   351 4417 3654  5  1 94  0  0  0 2026-09-29 16:13:44
 1  0 4405380 3722604  25272 18128308   59    0   128   266 4555 3814  5  1 94  0  0  0 2026-09-29 16:13:54
 1  0 4405376 3719792  25280 18128384    1    0     9     4 4420 3703  5  1 94  0  0  0 2026-09-29 16:14:04
 2  0 4405376 3718412  25288 18128496    0    0    11   413 4381 3694  5  1 94  0  0  0 2026-09-29 16:14:14
 2  0 4405372 3725456  25344 18128504    1    0     1   236 4611 4004  5  1 94  0  0  0 2026-09-29 16:14:24
 1  0 4405372 3729628  25352 18128504    0    0     0     3 3681 3485  5  1 94  0  0  0 2026-09-29 16:14:34
 1  0 4405372 3733332  25360 18128672    0    0     4   377 4786 3906  5  1 94  0  0  0 2026-09-29 16:14:44
 1  0 4405364 3733612  25368 18128808    1    0     2   261 4449 3752  5  1 94  0  0  0 2026-09-29 16:14:54
 2  0 4405364 3742916  25504 18128916    0    0    23     4 4495 3816  5  1 94  0  0  0 2026-09-29 16:15:04
 1  0 4405364 3732900  25512 18128924    2    0     2     9 4609 3859  5  1 94  0  0  0 2026-09-29 16:15:14
 1  0 4405356 3720072  25520 18128924    5    0     5   458 4413 3674  5  1 94  0  0  0 2026-09-29 16:15:24
 1  0 4405356 3721552  25536 18129168    2    0    26   261 4655 3942  5  1 94  0  0  0 2026-09-29 16:15:34
 1  0 4405356 3689016  25544 18129168    0    0     0     2 4635 3835  5  1 94  0  0  0 2026-09-29 16:15:44
 2  0 4405336 3713472  25552 18129172    1    0     1   389 4425 3637  6  1 94  0  0  0 2026-09-29 16:15:54
 1  0 4405332 3722796  25560 18129172    0    0     0     5 3569 3176  5  1 94  0  0  0 2026-09-29 16:16:04
 1  0 4405332 3712244  25568 18129172    0    0     0   282 4494 3787  5  1 94  0  0  0 2026-09-29 16:16:14
 1  0 4405300 3729908  25712 18129176    4    0    17     8 4334 3606  5  1 94  0  0  0 2026-09-29 16:16:24
 2  0 4405284 3729216  25720 18129180    2    0     2   406 4513 3790  5  1 94  0  0  0 2026-09-29 16:16:34
procs -----------memory---------- ---swap-- -----io---- -system-- -------cpu------- -----timestamp-----
 r  b   swpd   free   buff  cache   si   so    bi    bo   in   cs us sy id wa st gu                 BST
 1  0 4405280 3739384  25860 18129184    0    0    13     7 4488 3761  5  1 94  0  0  0 2026-09-29 16:16:44
 1  0 4405280 3709780  25868 18129456    7    0    34   214 4428 3739  5  1 94  0  0  0 2026-09-29 16:16:54
 1  0 4405276 3714112  25880 18129456    3    0     4   447 4422 3710  5  1 94  0  0  0 2026-09-29 16:17:04
 2  0 4405276 3716920  25888 18129456    5    0     5     6 4330 3678  5  1 94  0  0  0 2026-09-29 16:17:14
 1  0 4405272 3720720  25896 18129720    8    0    34   256 4494 3704  5  1 94  0  0  0 2026-09-29 16:17:24
 1  0 4405272 3725004  25904 18129720    0    0     0     8 3480 3161  5  1 94  0  0  0 2026-09-29 16:17:34
 1  0 4405268 3706784  25912 18129724    1    0     1   436 4504 3853  5  1 94  0  0  0 2026-09-29 16:17:44
 1  0 4405260 3717184  25920 18129760    1    0     5     4 4442 3671  5  1 94  0  0  0 2026-09-29 16:17:54
 1  0 4405252 3717636  25928 18129764    1    0     1   255 4574 3699  5  1 94  0  0  0 2026-09-29 16:18:04
 1  0 4405252 3727444  25944 18129764    1    0     1     5 4506 3733  5  1 94  0  0  0 2026-09-29 16:18:14
 2  0 4405116 3721620  25952 18129828   22    0    28   362 4551 3734  6  1 94  0  0  0 2026-09-29 16:18:24
 2  0 4405116 3734932  25960 18129828    0    0     0     7 4396 3601  5  1 94  0  0  0 2026-09-29 16:18:34
 2  0 4405116 3726328  25968 18129828    2    0     2   235 4432 3620  5  1 94  0  0  0 2026-09-29 16:18:44
 2  0 4405112 3733104  25976 18129828    2    0     2   376 4343 3616  5  1 94  0  0  0 2026-09-29 16:18:54
 3  0 4405068 3709992  25984 18129836    5    0     5     4 3853 3286  5  1 94  0  0  0 2026-09-29 16:19:04
 1  0 4404968 3730824  25992 18130044   19    0    40     6 4183 3491  5  1 94  0  0  0 2026-09-29 16:19:14
 1  0 4404964 3725864  26024 18130072    4    0    10   746 4395 3667  5  1 94  0  0  0 2026-09-29 16:19:24
 1  0 4404876 3713220  26048 18130096   22    0    22     8 4176 3661  5  1 94  0  0  0 2026-09-29 16:19:34
 1  0 4404816 3717720  26056 18130100    7    0     7     8 4432 3657  5  1 94  0  0  0 2026-09-29 16:19:44
 1  0 4404788 3706688  26064 18130108    4    0     4   177 4435 3757  5  1 94  0  0  0 2026-09-29 16:19:54
 1  0 4404596 3708552  26080 18130120   78    0    78   461 4660 3825  6  1 94  0  0  0 2026-09-29 16:20:04
procs -----------memory---------- ---swap-- -----io---- -system-- -------cpu------- -----timestamp-----
 r  b   swpd   free   buff  cache   si   so    bi    bo   in   cs us sy id wa st gu                 BST
 2  0 4404568 3700668  26088 18130124    9    0     9     4 4470 3596  5  1 94  0  0  0 2026-09-29 16:20:14
 1  0 4404564 3727876  26096 18130124    0    0     0   230 4485 3705  5  1 94  0  0  0 2026-09-29 16:20:24
 2  0 4404564 3716400  26108 18130128    1    0     2     6 4160 3469  5  1 94  0  0  0 2026-09-29 16:20:34
 1  0 4404564 3729340  26116 18130136    0    0     0   382 3639 3186  5  1 94  0  0  0 2026-09-29 16:20:44
 2  0 4404564 3745768  26124 18130136    0    0     0     3 4353 3535  5  1 94  0  0  0 2026-09-29 16:20:54
 1  0 4404460 3741332  26132 18130136   26    0    26   298 4532 3846  5  1 94  0  0  0 2026-09-29 16:21:04
 1  0 4404440 3720428  26140 18130160    2    0     3     5 4392 3686  5  1 94  0  0  0 2026-09-29 16:21:14
 1  0 4404368 3743292  26148 18130128   11    0    11   411 4533 3674  6  1 93  0  0  0 2026-09-29 16:21:24
 2  0 4404268 3721016  26164 18130132   36    0    36    10 4312 3661  5  1 94  0  0  0 2026-09-29 16:21:34
 2  0 4404188 3729796  26172 18130164   21    0    22   249 4454 3707  5  1 94  0  0  0 2026-09-29 16:21:44
 1  0 4404124 3715916  26180 18130168   20    0    20   414 4498 3820  5  1 94  0  0  0 2026-09-29 16:21:54
 3  0 4404124 3700856  26188 18130164    0    0     0     8 4136 3347  5  1 94  0  0  0 2026-09-29 16:22:04
 2  0 4404064 3708432  26196 18130172   22    0    22     8 3686 3175  5  1 94  0  0  0 2026-09-29 16:22:14
 3  0 4403964 3722544  26204 18130176   23    0    23   255 4535 3670  5  1 94  0  0  0 2026-09-29 16:22:24
 1  0 4403932 3734016  26212 18130176    7    0     7   381 4590 3680  5  1 94  0  0  0 2026-09-29 16:22:34
 1  0 4403768 3727076  26220 18130176   65    0    65    14 4597 3847  5  1 94  0  0  0 2026-09-29 16:22:44
 1  0 4403632 3720360  26228 18130176   50    0    50   251 4427 3609  5  1 94  0  0  0 2026-09-29 16:22:54
 1  0 4403616 3723128  26236 18130192   11    0    12   380 4459 3704  5  1 94  0  0  0 2026-09-29 16:23:04
 1  0 4403584 3710660  26244 18130196    3    0     3     3 4413 3619  5  1 94  0  0  0 2026-09-29 16:23:14
 1  0 4403484 3712860  26252 18130196   11    0    11     7 4437 3566  5  1 94  0  0  0 2026-09-29 16:23:24
 2  0 4403440 3728900  26260 18130460    9    0    34   618 4521 3705  5  1 94  0  0  0 2026-09-29 16:23:34
procs -----------memory---------- ---swap-- -----io---- -system-- -------cpu------- -----timestamp-----
 r  b   swpd   free   buff  cache   si   so    bi    bo   in   cs us sy id wa st gu                 BST
 1  0 4403436 3725188  26268 18130452    1    0     1     5 3598 3141  5  1 94  0  0  0 2026-09-29 16:23:44
 1  0 4403428 3716464  26276 18130460    0    0     1     4 4466 3554  5  1 94  0  0  0 2026-09-29 16:23:54
 1  0 4403428 3710612  26284 18130552    0    0     9    10 4474 3880  5  1 94  0  0  0 2026-09-29 16:24:04
 1  0 4403428 3720528  26428 18130624    0    0    20   630 4776 3409  6  2 92  0  0  0 2026-09-29 16:24:14
 2  0 4403428 3727516  26436 18130636    1    0     2     3 4235 2556  7  3 90  0  0  0 2026-09-29 16:24:24
 2  0 4403428 3709344  26468 18130640    1    0     1   644 4142 2593  7  3 91  0  0  0 2026-09-29 16:24:34
 2  0 4403424 3676532  26476 18130732    1    0    10   384 4345 2596  7  3 90  0  0  0 2026-09-29 16:24:44
 1  0 4403420 3716112  26484 18130740    0    0     0     5 4188 2495  7  3 90  0  0  0 2026-09-29 16:24:54
 1  0 4403420 3703996  26492 18130744    0    0     0     8 4284 2457  7  3 90  0  0  0 2026-09-29 16:25:04
 1  0 4403420 3693288  26500 18130812    0    0     0   696 4277 2806  6  2 92  0  0  0 2026-09-29 16:25:14
 0  0 4403416 3708376  26508 18130884    1    0     8     6 4597 3222  5  2 92  0  0  0 2026-09-29 16:25:24
 0  0 4403416 3718416  26516 18130888    0    0     0     5 2210 2295  0  0 100  0  0  0 2026-09-29 16:25:34
 0  0 4403408 3719644  26524 18130888    0    0     0     8 2297 2373  0  0 100  0  0  0 2026-09-29 16:25:44
 0  0 4403400 3734692  26532 18131028    0    0     0   689 2267 2382  0  0 100  0  0  0 2026-09-29 16:25:54
 0  0 4403400 3732548  26540 18131028  146    0   146     4 2324 2413  0  0 100  0  0  0 2026-09-29 16:26:04
 0  0 4403396 3736504  26548 18131164    0    0     0     9 2228 2355  0  0 100  0  0  0 2026-09-29 16:26:14
 0  0 4403368 3720188  26564 18131208    4    0     8   637 2121 2328  0  0 100  0  0  0 2026-09-29 16:26:24
 0  0 4403340 3739640  26572 18131212    3    0     4     1 2283 2368  0  0 100  0  0  0 2026-09-29 16:26:34
 0  0 4403340 3730336  26580 18131212    0    0     0     9 2308 2372  0  0 100  0  0  0 2026-09-29 16:26:44
 0  0 4403316 3715360  26588 18131432    1    0    23   637 2239 2349  0  0 100  0  0  0 2026-09-29 16:26:54
 0  0 4403316 3732672  26596 18131424    0    0     2     4 2267 2368  0  0 100  0  0  0 2026-09-29 16:27:04
procs -----------memory---------- ---swap-- -----io---- -system-- -------cpu------- -----timestamp-----
 r  b   swpd   free   buff  cache   si   so    bi    bo   in   cs us sy id wa st gu                 BST
 0  0 4403312 3730804  26604 18131524    0    0     7     4 1450 1876  0  0 100  0  0  0 2026-09-29 16:27:14
 0  0 4403188 3725932  26612 18131524   18    0    18   699 2139 2336  0  0 100  0  0  0 2026-09-29 16:27:24
 0  0 4403188 3740724  26620 18131524    0    0     0     4 2121 2348  0  0 100  0  0  0 2026-09-29 16:27:34
 0  0 4403188 3746828  26628 18131656    1    0     1     3 2259 2314  0  0 100  0  0  0 2026-09-29 16:27:44
 0  0 4402980 3720100  26636 18131656   45    0    45     6 2296 2380  0  0 100  0  0  0 2026-09-29 16:27:54
 0  0 4402912 3716160  26644 18131660    8    0     8   592 2402 2393  0  0 100  0  0  0 2026-09-29 16:28:04
 0  0 4402912 3729652  26652 18131660    0    0     0     2 2236 2302  0  0 100  0  0  0 2026-09-29 16:28:14
 0  0 4402824 3736484  26660 18131672   19    0    19     9 2237 2386  0  0 100  0  0  0 2026-09-29 16:28:24
 0  0 4402776 3727080  26668 18131672    8    0     8   605 2252 2353  0  0 100  0  0  0 2026-09-29 16:28:34
 0  0 4402776 3721860  26676 18131672    0    0     0     4 2326 2324  0  0 100  0  0  0 2026-09-29 16:28:44
 0  0 4402748 3696632  26684 18131676    8    0     8     4 2343 2383  0  0 100  0  0  0 2026-09-29 16:28:54
 1  0 4402700 3702008  26692 18131672    9    0     9   613 1996 2168  0  0 100  0  0  0 2026-09-29 16:29:04
 0  0 4402656 3725788  26700 18131716    7    0    11     6 1703 2044  0  0 100  0  0  0 2026-09-29 16:29:14
 0  0 4402620 3734620  26708 18131720    7    0     7     5 2273 2355  0  0 100  0  0  0 2026-09-29 16:29:24
 0  0 4402616 3729872  26740 18131720    1    0     1   674 2233 2317  0  0 100  0  0  0 2026-09-29 16:29:34
 0  0 4402548 3733012  26764 18131768    9    0    14     8 2233 2351  0  0 100  0  0  0 2026-09-29 16:29:44
 0  0 4402372 3727548  26772 18131832   58    0    58     3 2285 2376  0  0 100  0  0  0 2026-09-29 16:29:54
 0  0 4402252 3718688  26784 18131848   24    0    24     9 2305 2401  0  0 100  0  0  0 2026-09-29 16:30:04
 0  0 4402120 3705740  26800 18131848   42    0    42   708 2424 2447  0  0 100  0  0  0 2026-09-29 16:30:14
 0  0 4402076 3707996  26944 18131936   18    0    40     1 2231 2333  0  0 100  0  0  0 2026-09-29 16:30:24
 0  0 4402036 3713948  26952 18131936    6    0     6     6 2307 2345  0  0 100  0  0  0 2026-09-29 16:30:34
procs -----------memory---------- ---swap-- -----io---- -system-- -------cpu------- -----timestamp-----
 r  b   swpd   free   buff  cache   si   so    bi    bo   in   cs us sy id wa st gu                 BST
 0  0 4402036 3722548  26960 18131940    0    0     0   677 2289 2334  0  0 100  0  0  0 2026-09-29 16:30:44
 0  0 4402000 3732000  26968 18131940    6    0     6     4 2194 2308  0  0 100  0  0  0 2026-09-29 16:30:54
 0  0 4401996 3736288  26984 18131936    0    0     0     8 1817 2045  0  0 100  0  0  0 2026-09-29 16:31:04
 0  0 4401932 3739008  26992 18131944    5    0     5   614 1895 2164  0  0 100  0  0  0 2026-09-29 16:31:14
 0  0 4401932 3724196  27000 18131944    0    0     0    10 2284 2307  0  0 100  0  0  0 2026-09-29 16:31:24
 0  0 4401812 3729116  27008 18131948   38    0    38     3 2274 2369  0  0 100  0  0  0 2026-09-29 16:31:34
 0  0 4401808 3723864  27016 18131952    2    0     2     5 2040 2296  0  0 100  0  0  0 2026-09-29 16:31:44
 0  0 4401772 3718364  27024 18131952   12    0    12   628 2210 2394  0  0 100  0  0  0 2026-09-29 16:31:54
 0  0 4401668 3731276  27032 18131952   25    0    25     3 2194 2379  0  0 100  0  0  0 2026-09-29 16:32:04
 0  0 4401668 3729464  27040 18131952    0    0     0     4 2124 2296  0  0 100  0  0  0 2026-09-29 16:32:14
 0  0 4401624 3719772  27048 18131956    7    0     7   600 2378 2392  0  0 100  0  0  0 2026-09-29 16:32:24
 0  0 4401596 3724892  27056 18131960    7    0     7    10 2274 2345  0  0 100  0  0  0 2026-09-29 16:32:34
 0  0 4401568 3726412  27064 18131968    6    0     6     5 2255 2297  0  0 100  0  0  0 2026-09-29 16:32:44
 0  0 4401512 3723632  27072 18131972   36    0    36   632 2204 2384  0  0 100  0  0  0 2026-09-29 16:32:54
 1  0 4401512 3725220  27080 18131968    0    0     0     3 1373 1843  0  0 100  0  0  0 2026-09-29 16:33:04
 0  0 4401500 3720280  27088 18131972    3    0     3     6 2189 2342  0  0 100  0  0  0 2026-09-29 16:33:14
 0  0 4401336 3723064  27096 18131972   56    0    56   580 2323 2439  0  0 100  0  0  0 2026-09-29 16:33:24
 0  0 4401320 3718940  27104 18131972    3    0     3     6 2261 2335  0  0 100  0  0  0 2026-09-29 16:33:34
 0  0 4401276 3735624  27112 18131976    8    0     8     9 2331 2383  0  0 100  0  0  0 2026-09-29 16:33:44
 0  0 4401260 3733752  27120 18131980    2    0     2     4 2211 2345  0  0 100  0  0  0 2026-09-29 16:33:54
 0  0 4401212 3741948  27128 18131980    2    0     2   568 2314 2381  0  0 100  0  0  0 2026-09-29 16:34:04
procs -----------memory---------- ---swap-- -----io---- -system-- -------cpu------- -----timestamp-----
 r  b   swpd   free   buff  cache   si   so    bi    bo   in   cs us sy id wa st gu                 BST
 0  0 4401184 3726344  27136 18131980   13    0    13     3 2247 2365  0  0 100  0  0  0 2026-09-29 16:34:14
 0  0 4401172 3714804  27144 18131980    1    0     1     6 2202 2326  0  0 100  0  0  0 2026-09-29 16:34:24
 0  0 4401148 3739732  27152 18131984    4    0     4   676 2298 2396  0  0 100  0  0  0 2026-09-29 16:34:34
 1  0 4401148 3732660  27192 18131988    0    0     0   379 2591 2585  1  0 99  0  0  0 2026-09-29 16:34:44
 1  0 4401144 3741444  27200 18131992    0    0     0     4 4557 3596  5  2 93  0  0  0 2026-09-29 16:34:54
 2  0 4401144 3745096  27208 18131988   10    0    19   567 3783 3638  5  1 94  0  0  0 2026-09-29 16:35:04
 0  0 4401144 3729932  27216 18132208    0    0     0     4 4392 3970  5  1 94  0  0  0 2026-09-29 16:35:14
 1  0 4401140 3735480  27224 18132212    0    0     0     3 4315 3648  5  1 94  0  0  0 2026-09-29 16:35:24
 2  0 4401140 3724192  27232 18132212    0    0     0     8 4521 3983  5  1 94  0  0  0 2026-09-29 16:35:34
 1  0 4401140 3712708  27248 18132204    0    0     0   628 4749 4183  5  1 94  0  0  0 2026-09-29 16:35:44
 1  0 4401120 3711508  27256 18132212    1    0     1     1 4729 4212  5  1 94  0  0  0 2026-09-29 16:35:54
 1  0 4401120 3718600  27264 18132404    0    0    19    12 4387 3904  5  1 94  0  0  0 2026-09-29 16:36:04
 1  0 4401120 3720844  27280 18132400    0    0     0   691 4453 3905  5  1 94  0  0  0 2026-09-29 16:36:14
 0  0 4401120 3708024  27288 18132408    0    0     0     1 4166 3697  3  1 96  0  0  0 2026-09-29 16:36:24
 1  0 4401104 3707504  27304 18132416    2    0     2     8 2618 2507  0  0 99  0  0  0 2026-09-29 16:36:34
 0  0 4401104 3718676  27312 18132416    0    0     0     5 1617 1990  0  0 100  0  0  0 2026-09-29 16:36:44
 1  0 4401104 3721056  27320 18132488    2    0     8   475 2401 2360  0  0 100  0  0  0 2026-09-29 16:36:54
