procs -----------memory---------- ---swap-- -----io---- -system-- -------cpu------- -----timestamp-----
 r  b   swpd   free   buff  cache   si   so    bi    bo   in   cs us sy id wa st gu                 BST
 0  0 4085864 109283776 297072 13807140  492 1819 38489  2884 7432    4  4  2 93  0  0  0 2026-09-29 15:27:44
 0  0 4085740 109256060 297084 13807508   19    0    51   520 4921 5057  1  1 99  0  0  0 2026-09-29 15:27:54
 0  0 4085584 109279684 297084 13807600   13    0    28    34 4154 3961  1  0 99  0  0  0 2026-09-29 15:28:04
 0  1 4085244 108521240 304820 14217892   94    0 41377   622 4375 4275  1  1 97  1  0  0 2026-09-29 15:28:14
 1  0 4085240 108028632 325924 14473868    1    0 18809  2646 5662 4862  3  1 94  2  0  0 2026-09-29 15:28:24
 2  0 4085232 107110900 329972 14689960    4    0 16792  3223 5746 4594  5  1 92  1  0  0 2026-09-29 15:28:34
 2  0 4085224 106063112 331080 15202020    2    0 49766   939 6412 4355  8  2 89  1  0  0 2026-09-29 15:28:44
 3  0 4085220 105119996 331172 15209340    2    0   474  7183 5038 2838  8  1 91  0  0  0 2026-09-29 15:28:54
 1  0 4085160 103734736 331276 15214688   15    0   295  4380 6744 3245 13  2 85  0  0  0 2026-09-29 15:29:04
 1  0 4085140 102624092 331276 15222884    1    0   810  1187 3788 3487  1  1 98  0  0  0 2026-09-29 15:29:14
 1  0 4085140 102717568 331608 15289704    0    0  6610   320 3791 3564  1  1 99  0  0  0 2026-09-29 15:29:24
 1  0 4085128 30298980 331984 18239988    0    0 38615   779 8725 8658  3  4 93  0  0  0 2026-09-29 15:29:34
 3  0 4085128 26109736 331984 20636052    1    0 239584   200 16599 20679  8  2 89  1  0  0 2026-09-29 15:29:44
 1  1 4085124 23523752 331988 23424116    2    0 278846    39 17672 22072  8  2 88  1  0  0 2026-09-29 15:29:54
 2  0 4085040 18242580 331996 26444096   22    0 302128  2089 18637 23453  8  2 88  1  0  0 2026-09-29 15:30:04
 6  0 4085020 13167596 332000 29343844    4    0 289840    88 18237 23290  8  2 88  1  0  0 2026-09-29 15:30:14
 2  0 4085016 15824432 332004 31767996    0    0 242434    30 16441 20068  7  2 89  1  0  0 2026-09-29 15:30:24
 1  0 4084968 11485572 332004 34198936    5    0 243100    42 16943 21135  8  2 89  1  0  0 2026-09-29 15:30:34
 2  0 4084968 7274236 332004 36569920    0    0 237073    84 16869 20800  8  2 89  1  0  0 2026-09-29 15:30:44
 1  0 4084964 3838548 320268 38155608    3    0 232302    27 16906 21081  8  2 89  1  0  0 2026-09-29 15:30:54
 2  0 4084884 8313852 292072 39334920   12    0 222914   106 25867 38185  7  4 88  1  0  0 2026-09-29 15:31:04
procs -----------memory---------- ---swap-- -----io---- -system-- -------cpu------- -----timestamp-----
 r  b   swpd   free   buff  cache   si   so    bi    bo   in   cs us sy id wa st gu                 BST
 3  0 4084880 6301524 107236 39381820    0    0 286313    60 18718 23401  8  2 88  1  0  0 2026-09-29 15:31:14
 1  1 4269928 8047788  93040 35578800    2 18301 302621 18329 19819 24601  8  3 87  1  0  0 2026-09-29 15:31:24
 6  0 5746056 13430484  91432 36910796    4 144555 228508 144593 30038 45629  7  5 87  1  0  0 2026-09-29 15:31:34
 2  0 5746048 9141396  91448 39303948    1    0 239318    28 16295 20390  8  2 89  1  0  0 2026-09-29 15:31:44
 2  0 6956492 7864360  45568 40066224    1 117690 243778 117724 17334 21221  8  3 88  1  0  0 2026-09-29 15:31:54
 1  0 8847308 7671248  36024 40251100    3 180517 243342 180532 17882 22191  8  4 88  1  0  0 2026-09-29 15:32:04
 3  0 8847196 13495512  35888 39989856   12    0 227789    46 23555 34673  7  4 88  1  0  0 2026-09-29 15:32:14
 0  1 8846892 8242088  35904 43002588   31    0 301284    32 18184 22910  8  2 88  1  0  0 2026-09-29 15:32:24
 1  0 8846300 7605532  35932 41568412   43   50 288427    89 18287 23185  8  2 88  1  0  0 2026-09-29 15:32:34
 1  0 8846052 5315924  33132 42570424   27    0 182485    16 13158 15342  6  3 89  1  0  0 2026-09-29 15:32:44
 0  5 8845460 9200472  33164 44335252   17    0 176522    57 13392 15863  7  3 89  1  0  0 2026-09-29 15:32:54
 1  0 9406088 5777504  32024 46475428  187 53042 246615 53056 17724 21369  8  5 87  1  0  0 2026-09-29 15:33:04
 0  1 9409668 5351396  31888 45212084   31  630 219065   664 16107 19248  7  3 88  1  0  0 2026-09-29 15:33:14
 1  0 9427428 5529708  30304 43287960   64 2662 233602  2690 16401 20869  8  2 89  1  0  0 2026-09-29 15:33:24
 1  0 9426328 11698984  30364 42570616  120  248 227880   303 15609 19274  7  3 89  1  0  0 2026-09-29 15:33:34
 1  0 9425808 6422836  30372 45604332   63    0 303461     8 18448 23315  8  2 88  1  0  0 2026-09-29 15:33:44
 1  0 9427412 5681248  18548 44372660   46  802 285288   835 18387 23517  8  2 88  1  0  0 2026-09-29 15:33:54
 2  0 9464100 5178724   7924 42715148  114 6583 309153  6626 18381 23365  8  2 88  1  0  0 2026-09-29 15:34:04
 1  0 9451528 9617692   7956 43855400  892   19 127698    44 20192 31005  5  3 92  0  0  0 2026-09-29 15:34:14
 1  0 9449156 7997776   7548 46207036  332  133 301068   146 16013 19369  7  2 89  1  0  0 2026-09-29 15:34:24
 2  1 9496644 10238060   5820 41093020  119 5707 293674  5750 18787 27457  5  3 92  0  0  0 2026-09-29 15:34:34
procs -----------memory---------- ---swap-- -----io---- -system-- -------cpu------- -----timestamp-----
 r  b   swpd   free   buff  cache   si   so    bi    bo   in   cs us sy id wa st gu                 BST
 1  0 9502692 9368528   5744 37397624  161  968 463528  1004 13430 17305  4  3 92  1  0  0 2026-09-29 15:34:44
 1  0 9504880 9377916   5708 35564648  108  514 184043   536 10919 13536  5  2 93  0  0  0 2026-09-29 15:34:54
 1  0 9512892 7147040   5212 34559028  338 2563 324557  2580 12325 15795  5  2 92  0  0  0 2026-09-29 15:35:04
 2  0 9597032 6525532   3812 33373640 1253 6172 192889  6265 9002 9208  5  3 92  0  0  0 2026-09-29 15:35:14
 2  0 9670088 8599168   3584 29728056  130 4351 163825  4398 9570 9939  5  3 92  0  0  0 2026-09-29 15:35:24
 1  0 9675584 8294052   3568 27332768  293  984 267411  1021 11426 13890  5  2 92  0  0  0 2026-09-29 15:35:34
 3  0 9782624 7904812   3460 23673120  446 7974 417830  8016 10093 10098  3  4 92  1  0  0 2026-09-29 15:35:44
 2  0 9949400 9037712   3640 21943956  444 7965 223749  7987 9794 11025  4  3 92  0  0  0 2026-09-29 15:35:54
 0  1 9530856 28265224  13648 22006540 15392    0 22601    37 9111 9592  1  3 93  3  0  0 2026-09-29 15:36:04
 2  0 9502400 21591252  14236 26656464 3259    0 468336    77 8904 10408  1  1 94  3  0  0 2026-09-29 15:36:14
 0  1 9501256 15973400  14432 32260948  119    0 560560    18 9449 11131  1  1 94  3  0  0 2026-09-29 15:36:24
 0  1 9490892 10773380  14620 37426596  308    0 516391    85 8883 10790  2  1 94  3  0  0 2026-09-29 15:36:34
 0  1 9489244 5488360  14636 42685372  158    0 525495    35 9774 11273  1  1 94  3  0  0 2026-09-29 15:36:44
 3  0 9488584 1549388  14092 46594912  144   91 530970   136 8645 10337  2  1 94  3  0  0 2026-09-29 15:36:54
 2  0 9470648 1979216  13904 45805776  628  190 212694   205 12680 17032  5  2 92  1  0  0 2026-09-29 15:37:04
 1  0 9468096 1218468  13928 45989356  298   28 162840    45 13294 17120  6  2 91  1  0  0 2026-09-29 15:37:14
 2  0 9108724 6309684  14348 46123232 37355    0 47394    46 9487 12734  1  1 94  4  0  0 2026-09-29 15:37:24
 1  0 9015880 2573972  15668 47056456 7966    0 62629    85 8401 9249  5  1 93  1  0  0 2026-09-29 15:37:34
 2  0 8997248 2012720  15796 47070472 2060    0  2907    18 6700 5425  8  1 90  1  0  0 2026-09-29 15:37:44
 1  1 8984348 2114848  21204 47328384 1452    0 26922   284 5605 5611  4  2 93  1  0  0 2026-09-29 15:37:54
 2  0 9003064 1370120   9652 41494340  868 2432  3882  2546 5969 4976  4  3 93  0  0  0 2026-09-29 15:38:04
procs -----------memory---------- ---swap-- -----io---- -system-- -------cpu------- -----timestamp-----
 r  b   swpd   free   buff  cache   si   so    bi    bo   in   cs us sy id wa st gu                 BST
 1  0 10658344 3808744   7164 22148816 3027 160510  8912 175099 8693 6420  1  8 90  1  0  0 2026-09-29 15:38:14
 1  0 10522112 3298620  10884 22279976 14636    0 26866   249 8407 10204  3  1 93  3  0  0 2026-09-29 15:38:24
 1  0 10500912 2612516  11276 22289832 2281    0  3228    56 6541 5785  5  1 94  1  0  0 2026-09-29 15:38:34
 1  0 10498764 2250968  11472 22294488  234    0   720    40 6302 5052  5  1 94  0  0  0 2026-09-29 15:38:44
 1  0 10455092 1993740  11644 22297116 4153    0  4412   787 6564 5872  5  1 93  1  0  0 2026-09-29 15:38:54
 1  0 10413772 1240340  12416 21665740 4454  238  6028   885 8082 6478  4  3 92  1  0  0 2026-09-29 15:39:04
 1  0 10408596 2042484  13376 20501868 1023  432  2396   502 5976 4805  5  1 93  0  0  0 2026-09-29 15:39:14
 0  1 10110696 1918904  13564 20506524 30405    0 30590   174 9820 11881  1  1 94  4  0  0 2026-09-29 15:39:24
 0  1 9899956 2947964  19524 20648224 22602    0 36064  1177 10492 13056  2  1 94  4  0  0 2026-09-29 15:39:34
 1  1 9619028 2146472  20028 20651520 28254    0 28610  1855 10015 12057  3  1 93  3  0  0 2026-09-29 15:39:44
 0  1 9252656 1611040  21716 20665988 39100    0 40511   914 11856 14253  2  1 93  4  0  0 2026-09-29 15:39:54
 0  0 8902968 1295952  22168 20668800 36578    0 36838  1184 9511 11808  1  0 96  3  0  0 2026-09-29 15:40:04
 0  0 8900520 1373676  22436 20686416  131    0  1913    88 4199 4364  1  0 99  0  0  0 2026-09-29 15:40:14
 3  1 8884560 1443936  32716 20739644 1654    0  7340  2190 8818 8251  6  2 89  2  0  0 2026-09-29 15:40:24
 3  1 8883916 1261236  49424 20741192   56    0   124  3631 10945 10072 12  4 80  3  0  0 2026-09-29 15:40:34
 3  1 8841356 1257664  66016 20743896 4292    0  4469  3537 11130 10716 10  4 82  4  0  0 2026-09-29 15:40:44
 1  1 8835940 1244276  82696 20744820  557    0   559  3839 10210 9604 10  4 83  3  0  0 2026-09-29 15:40:54
 3  1 8833628 1532176  99280 18578704  534  374   551  3913 9321 8263  9  4 83  3  0  0 2026-09-29 15:41:04
 4  1 8829448 1484328 115796 18581648  435    0   480  3484 7778 7902  6  2 88  3  0  0 2026-09-29 15:41:14
 1  1 8827888 1486008 132452 18582976  146    0   147  3500 8970 8734  8  3 86  3  0  0 2026-09-29 15:41:24
 4  0 8826552 1472984 148912 18587460  129    0   491  3504 9094 8923  7  3 86  3  0  0 2026-09-29 15:41:34
procs -----------memory---------- ---swap-- -----io---- -system-- -------cpu------- -----timestamp-----
 r  b   swpd   free   buff  cache   si   so    bi    bo   in   cs us sy id wa st gu                 BST
 3  1 8825968 1431708 165308 18588620   61    0    88  3502 8214 8442  6  2 88  3  0  0 2026-09-29 15:41:44
 1  1 8825148 1423712 181440 18589812   75    0   110  3468 9157 8843  8  3 86  3  0  0 2026-09-29 15:41:54
 4  1 8824856 1389584 192976 18590808   29    0    50  3479 8726 8821  8  3 86  3  0  0 2026-09-29 15:42:04
 0  1 8824080 1401920 198608 18593312   64    0   207  3519 8355 8449  6  2 88  3  0  0 2026-09-29 15:42:14
 1  1 8823412 1397904 204136 18594076   64    0    80  3470 9339 9049  9  3 85  3  0  0 2026-09-29 15:42:24
 5  1 8811580 1355816 211080 18617764 1366    0  3681  3497 8449 8890  6  2 88  4  0  0 2026-09-29 15:42:34
 3  1 8810152 1324196 216792 18619552  108    0   230  3570 9968 9719 10  3 84  3  0  0 2026-09-29 15:42:44
 0  1 8791812 1264312 223236 18621484 1847    0  1978  3455 11120 11576  8  3 86  3  0  0 2026-09-29 15:42:54
 3  1 8786468 1278884 229176 18630840  636    0  1512  3451 9740 10100  8  3 86  3  0  0 2026-09-29 15:43:04
 2  0 8785616 1229880 235488 18631772   48    0    78  3442 10904 10940 10  3 84  3  0  0 2026-09-29 15:43:14
 0  1 8784388 1267512 241160 18632956  123    0   180  3474 10181 10666  8  3 86  3  0  0 2026-09-29 15:43:24
 3  1 8783360 1260480 247352 18633580  102    0   102  3474 10612 10881  9  3 85  3  0  0 2026-09-29 15:43:34
 2  0 8783024 1218280 251512 18634536   35    0    75  3468 10497 10533  9  3 84  3  0  0 2026-09-29 15:43:44
 3  1 8782224 1275172 253880 18635112   84    0    87  3479 9673 10147  7  3 87  3  0  0 2026-09-29 15:43:54
 1  1 8781536 1227368 256552 18635632   68    0    68  3484 10211 10500  9  3 85  3  0  0 2026-09-29 15:44:04
 3  0 8781352 1217340 258028 18636240   21    0    32  3430 9364 9718  7  2 87  3  0  0 2026-09-29 15:44:14
 3  1 8780968 1207876 261008 18636880   39    0    82  3469 10042 9884  9  3 84  3  0  0 2026-09-29 15:44:24
 4  1 8780276 1180304 262224 18642372   74    0   401  3476 9479 9093  9  3 84  3  0  0 2026-09-29 15:44:34
 3  1 8779824 1189284 264792 18643280   46    0    84  3485 10910 10188 12  4 80  3  0  0 2026-09-29 15:44:44
 1  1 8779580 1202904 266764 18643948   15    0    32  3459 9337 9916  7  3 87  3  0  0 2026-09-29 15:44:54
 0  1 8778180 1161160 269292 18645332  193    0   280  3443 6916 8720  1  1 95  3  0  0 2026-09-29 15:45:04
procs -----------memory---------- ---swap-- -----io---- -system-- -------cpu------- -----timestamp-----
 r  b   swpd   free   buff  cache   si   so    bi    bo   in   cs us sy id wa st gu                 BST
 0  1 8777928 1186336 271480 18645956   19    0    28  3413 6753 8512  1  1 95  3  0  0 2026-09-29 15:45:14
 3  1 8777752 1188176 273288 18646572    6    0    12  3369 6969 8444  1  1 95  3  0  0 2026-09-29 15:45:24
 1  1 8773004 1187432 274732 18648728  468    0   686  3568 11914 11174 12  4 80  3  0  0 2026-09-29 15:45:34
 1  1 8772972 1141088 276976 18649300    2    0   126  3491 6848 8535  1  1 95  3  0  0 2026-09-29 15:45:44
 0  1 8772804 1148532 277548 18650232   17    0    65  3392 7136 8711  1  1 95  3  0  0 2026-09-29 15:45:54
 2  1 8772680 1149708 278284 18650908   12    0    33  3361 6790 8502  1  1 95  3  0  0 2026-09-29 15:46:04
 4  1 8772636 1150888 279236 18651484    2    0    11  3437 9663 10008  8  3 86  3  0  0 2026-09-29 15:46:14
 5  1 8772608 1118000 280352 18651956    0    0     1  3518 11754 10902 13  5 79  3  0  0 2026-09-29 15:46:24
 3  1 8772552 1107072 280888 18652460    5    0     5  3518 11614 11040 13  4 80  3  0  0 2026-09-29 15:46:34
 3  1 8772396 1155132 281628 18652936   14    0    14  3542 12025 11347 13  4 80  3  0  0 2026-09-29 15:46:44
 1  1 8772356 1141848 282156 18653660    4    0    21  3479 12585 11328 13  5 79  3  0  0 2026-09-29 15:46:54
 3  0 8767464 1093692 282324 18654256  554    0   597   376 10398 8592 12  4 83  0  0  0 2026-09-29 15:47:04
 4  0 8763940 1081876 282468 18654952  348    0   430    50 12165 9319 13  6 81  0  0  0 2026-09-29 15:47:14
 6  0 8761000 1109292 282472 18655300  289    0   322    30 11313 9781 13  4 83  0  0  0 2026-09-29 15:47:24
 5  0 8756564 1130324 282472 18655720  463    0   504    90 10968 9478 13  4 83  0  0  0 2026-09-29 15:47:34
 3  0 8754120 1134332 282472 18656152  250    0   290    58 10310 8437 13  4 83  0  0  0 2026-09-29 15:47:44
 3  0 8751980 1130728 282472 18656160  220    0   220    22 10240 8357 13  4 82  0  0  0 2026-09-29 15:47:54
 3  0 8750072 1175532 282472 18656288  201    0   213    63 9673 8131 13  4 83  0  0  0 2026-09-29 15:48:04
 3  1 8748364 1151212 282472 18656364  178    0   184    47 10005 8017 13  4 83  0  0  0 2026-09-29 15:48:14
 3  0 8746288 1122836 282472 18656436  218    0   225    22 10115 8024 13  5 83  0  0  0 2026-09-29 15:48:24
 3  0 8744608 1072272 282472 18656452  179    0   179    48 9793 7957 13  4 83  0  0  0 2026-09-29 15:48:34
procs -----------memory---------- ---swap-- -----io---- -system-- -------cpu------- -----timestamp-----
 r  b   swpd   free   buff  cache   si   so    bi    bo   in   cs us sy id wa st gu                 BST
 4  0 8743232 1113656 282480 18656688  144    0   170    33 9934 8120 13  4 83  0  0  0 2026-09-29 15:48:44
 3  1 8742108 1121400 282480 18656692  113    0   113    53 10294 8212 13  5 82  0  0  0 2026-09-29 15:48:54
 4  0 8739448 1093436 282480 18656704  294    0   294    30 10111 8269 13  5 83  0  0  0 2026-09-29 15:49:04
 3  0 8738508 1177136 282480 18656908  100    0   120    48 10561 8225 13  6 81  0  0  0 2026-09-29 15:49:14
 3  0 8737224 1167376 282480 18656916  133    0   133    48 9979 8282 13  4 83  0  0  0 2026-09-29 15:49:24
 3  0 8736128 1150164 282480 18657156  112    0   135    42 10152 8431 13  4 83  0  0  0 2026-09-29 15:49:34
 4  0 8735004 1143896 282480 18657168  118    0   118    45 9677 7685 13  4 83  0  0  0 2026-09-29 15:49:44
 3  0 8734076 1139404 282480 18657276   95    0   105    60 10081 8341 13  4 83  0  0  0 2026-09-29 15:49:54
 2  0 8733152 1127312 282488 18657348   96    0   103    24 10383 7984 13  5 82  0  0  0 2026-09-29 15:50:04
 3  0 8732412 1126652 282884 18658120   76    0   178    27 10876 7822 13  7 81  0  0  0 2026-09-29 15:50:14
 3  0 8731580 1140216 282888 18658348   86    0   108    76 10324 7892 12  6 82  0  0  0 2026-09-29 15:50:24
 3  0 8729324 1453244 284972 18390544  230    0  6502   236 11069 8737 13  5 81  1  0  0 2026-09-29 15:50:34
 3  0 8728268 1385776 284972 18390560  111    0   111    51 10232 7870 13  4 83  0  0  0 2026-09-29 15:50:44
 4  0 8726632 1361392 284972 18395972  177    0   718    54 9739 7776 13  4 83  0  0  0 2026-09-29 15:50:54
 4  0 8722976 1381776 284980 18396064  392    0   400    72 9945 8144 13  4 83  0  0  0 2026-09-29 15:51:04
 4  0 8719712 1413328 284648 18396892  350    0   811    55 9826 7840 13  4 82  0  0  0 2026-09-29 15:51:14
 3  0 8716844 1406088 284648 18397044  292    0   305    65 10022 8172 13  4 83  0  0  0 2026-09-29 15:51:24
 4  0 8714796 1374952 284648 18398272  215    0   331    59 10079 8324 13  4 83  0  0  0 2026-09-29 15:51:34
 4  0 8712532 1354856 284928 18400636  210    0   472    85 10631 8634 13  4 83  0  0  0 2026-09-29 15:51:44
 3  0 8710728 1360576 284928 18400652  186    0   186    26 10663 8562 13  4 83  0  0  0 2026-09-29 15:51:54
 3  0 8708944 1357132 284940 18400780  191    0   202    91 10180 8469 13  4 83  0  0  0 2026-09-29 15:52:04
procs -----------memory---------- ---swap-- -----io---- -system-- -------cpu------- -----timestamp-----
 r  b   swpd   free   buff  cache   si   so    bi    bo   in   cs us sy id wa st gu                 BST
 4  0 8707536 1344976 285096 18404608  149    0   541    29 10129 8486 13  4 83  0  0  0 2026-09-29 15:52:14
 3  0 8704972 1308540 285100 18408552  273    0   667    34 10547 8482 13  4 83  0  0  0 2026-09-29 15:52:24
 4  0 8703608 1316208 285100 18413524  136    0   632    75 9951 8174 13  4 83  0  0  0 2026-09-29 15:52:34
 6  0 8700020 1353896 285108 18413532  356    0   356    48 9729 8184 13  4 83  0  0  0 2026-09-29 15:52:44
 3  0 8697864 1341612 285108 18419248  216    0   786    22 10739 8676 13  5 82  0  0  0 2026-09-29 15:52:54
 3  0 8694380 1362732 285108 18419576  368    0   400    63 11173 9787 13  4 83  0  0  0 2026-09-29 15:53:04
 3  0 8651924 1259348 285112 18420432 4348    0  4432    40 12228 11170 13  4 82  1  0  0 2026-09-29 15:53:14
 3  0 8649040 1261528 285112 18425916  308    0   849    37 10814 8867 13  5 82  0  0  0 2026-09-29 15:53:24
 3  0 8648164 1305068 285112 18426044   80    0    93    76 9233 7371 13  4 83  0  0  0 2026-09-29 15:53:34
 3  0 8647684 1297732 285112 18426300   47    0    71    38 9806 7993 13  4 83  0  0  0 2026-09-29 15:53:44
 4  0 8646476 1240856 285112 18426548  114    0   138    42 10587 8968 13  4 83  0  0  0 2026-09-29 15:53:54
 4  0 8646020 1356972 285116 18426684   43    0    54    34 8859 6774 13  4 83  0  0  0 2026-09-29 15:54:04
 5  0 8645704 1272756 285116 18426700   30    0    30    73 8596 6042 13  4 83  0  0  0 2026-09-29 15:54:14
 4  0 8644932 1273764 285116 18426716   74    0    74    39 7990 5808 13  4 83  0  0  0 2026-09-29 15:54:24
 4  0 8643856 1287512 285128 18426976  102    0   126    64 8647 6280 13  4 83  0  0  0 2026-09-29 15:54:34
 3  0 8643608 1429748 285392 18133424   22    0    22    44 7991 5781 11  4 85  0  0  0 2026-09-29 15:54:44
 3  0 8643264 1533264 285392 18133440   35    0    35    62 9168 6759 12  4 83  0  0  0 2026-09-29 15:54:54
 4  0 8641840 1496248 285392 18133932  177    0   226    38 9174 7078 12  4 83  0  0  0 2026-09-29 15:55:04
 4  0 8641692 1501776 285400 18133956   14    0    15   179 8958 6712 12  4 84  0  0  0 2026-09-29 15:55:14
 3  0 8641568 1470524 285412 18133964   11    0    12   576 9089 6606 12  5 83  0  0  0 2026-09-29 15:55:24
 3  0 8641416 1487000 285412 18135372   14    0   155    77 8838 6704 12  4 84  0  0  0 2026-09-29 15:55:34
procs -----------memory---------- ---swap-- -----io---- -system-- -------cpu------- -----timestamp-----
 r  b   swpd   free   buff  cache   si   so    bi    bo   in   cs us sy id wa st gu                 BST
 3  0 8641296 1503944 285412 18135380   11    0    11    22 8785 6743 12  4 84  0  0  0 2026-09-29 15:55:44
 4  0 8641260 1498516 285412 18135392    4    0     4    52 8340 6253 12  4 83  0  0  0 2026-09-29 15:55:54
 3  0 8641136 1514872 285412 18135400   14    0    14    50 8788 6720 12  4 84  0  0  0 2026-09-29 15:56:04
 4  0 8640984 1492868 285412 18135408   16    0    16    36 9190 6974 13  4 83  0  0  0 2026-09-29 15:56:14
 3  0 8640848 1481532 285428 18138456   13    0    26    38 8508 6351 12  4 84  0  0  0 2026-09-29 15:56:24
 3  0 8640488 1510860 285440 18141616   30    0    61    95 8732 6206 12  4 83  0  0  0 2026-09-29 15:56:34
 5  0 8640260 1442424 285444 18141680   19    0    23    76 8680 6469 13  4 83  0  0  0 2026-09-29 15:56:44
 1  0 8640172 1498424 285448 18141844    4    0    17   332 8820 6855 12  4 84  0  0  0 2026-09-29 15:56:54
 3  0 8585652 1397912 286072 18154200 5284    0  6555   325 7940 5685 11  4 85  1  0  0 2026-09-29 15:57:04
 3  0 8583392 1401312 285736 18152076  192    0   225    66 7558 4881 12  4 84  0  0  0 2026-09-29 15:57:14
 3  0 8583332 1439472 285740 18153816    6    0    44    28 8662 6459 12  4 84  0  0  0 2026-09-29 15:57:24
 3  0 8583268 1436060 285740 18153824    6    0     6    46 8265 6070 12  4 83  0  0  0 2026-09-29 15:57:34
 4  0 8583200 1428436 285744 18153872    5    0     8   118 8895 6714 12  4 84  0  0  0 2026-09-29 15:57:44
 3  0 8583184 1434360 285748 18153892    0    0     1    79 8903 6762 13  4 83  0  0  0 2026-09-29 15:57:54
 3  0 8582896 1409988 285748 18153920    7    0     9    19 10265 8107 12  5 83  0  0  0 2026-09-29 15:58:04
 3  0 8582892 1404484 285748 18153932    0    0     0    43 10218 8377 13  4 83  0  0  0 2026-09-29 15:58:14
 3  0 8582880 1410652 285748 18153936    1    0     1    44 9469 7616 12  4 84  0  0  0 2026-09-29 15:58:24
 4  0 8581752 1325572 285748 18154516  131    0   188    44 9364 7462 13  4 83  0  0  0 2026-09-29 15:58:34
 3  0 8581588 1365220 285748 18154524   17    0    17    34 10117 8010 13  5 83  0  0  0 2026-09-29 15:58:44
 3  0 8581120 1445676 285748 18154528    6    0     6    38 10353 8787 13  4 83  0  0  0 2026-09-29 15:58:54
 3  0 8580588 1431700 285748 18154580   43    0    48    18 10045 8638 13  4 83  0  0  0 2026-09-29 15:59:04
procs -----------memory---------- ---swap-- -----io---- -system-- -------cpu------- -----timestamp-----
 r  b   swpd   free   buff  cache   si   so    bi    bo   in   cs us sy id wa st gu                 BST
 3  0 8580576 1437284 285748 18154548    1    0     1    44 9965 7971 13  5 83  0  0  0 2026-09-29 15:59:14
 3  0 8580540 1410440 285748 18154560    5    0     5    20 9446 7589 13  4 83  0  0  0 2026-09-29 15:59:24
 3  0 8580516 1374688 285888 18154696    3    0    29    58 9532 7568 13  4 83  0  0  0 2026-09-29 15:59:34
 3  0 8580456 1453124 285888 18154708    6    0     6    20 10230 8147 13  5 83  0  0  0 2026-09-29 15:59:44
 4  0 8580440 1409468 285896 18154816    1    0    11    50 9883 8158 13  4 83  0  0  0 2026-09-29 15:59:54
 3  1 8580412 1374212 286168 18183448    4    0  2925    33 9817 8160 13  4 83  0  0  0 2026-09-29 16:00:04
 4  0 8580380 1344196 286456 18193680    3    0  1016    30 9653 7736 13  4 83  0  0  0 2026-09-29 16:00:14
 3  0 8580376 1365908 286460 18193688    0    0     0    64 10110 7809 12  4 83  0  0  0 2026-09-29 16:00:24
 3  0 8580320 1359328 286468 18193696    2    0     2    42 9368 7508 13  4 83  0  0  0 2026-09-29 16:00:34
 3  0 8580316 1411036 286472 18193716    0    0     2    44 9112 7404 13  4 83  0  0  0 2026-09-29 16:00:44
 4  1 8580284 1419084 286472 18193884    3    0    16    44 10270 8102 13  5 83  0  0  0 2026-09-29 16:00:54
 2  0 8578556 1386112 286476 18194112  227    0   253    22 9656 7907 13  4 83  0  0  0 2026-09-29 16:01:04
 3  0 8578536 1396348 286476 18194236    2    0    12    20 9658 7829 13  4 83  0  0  0 2026-09-29 16:01:14
 4  0 8578532 1373004 286476 18194276    0    0     3    36 9830 7662 12  4 83  0  0  0 2026-09-29 16:01:24
 3  0 8578464 1385804 286484 18194564    8    0    33    67 9585 7581 13  4 83  0  0  0 2026-09-29 16:01:34
 3  0 8578428 1419372 286372 18190548    4    0     6    40 9382 7214 13  4 83  0  0  0 2026-09-29 16:01:44
 4  0 8578356 1365992 286376 18191224    6    0    68    61 9537 7159 14  4 82  0  0  0 2026-09-29 16:01:54
 3  0 8578260 1362908 286376 18191240   12    0    12    52 9825 7271 13  4 83  0  0  0 2026-09-29 16:02:04
 4  0 8577848 1229088 286576 18194672   46    0   232    62 9433 7698 13  3 84  0  0  0 2026-09-29 16:02:14
 3  0 8577832 1220108 286576 18194808    0    0    13    62 9318 7372 13  3 84  0  0  0 2026-09-29 16:02:24
 3  0 8577480 1247528 286576 18194876   34    0    40    40 9610 7762 13  4 83  0  0  0 2026-09-29 16:02:34
procs -----------memory---------- ---swap-- -----io---- -system-- -------cpu------- -----timestamp-----
 r  b   swpd   free   buff  cache   si   so    bi    bo   in   cs us sy id wa st gu                 BST
 3  0 8577464 1242944 286576 18194972    1    0     7    69 9649 7923 13  4 83  0  0  0 2026-09-29 16:02:44
 3  0 8576840 1229120 286580 18195460   47    0    92    12 9265 7608 13  4 83  0  0  0 2026-09-29 16:02:54
 3  0 8576384 1251840 286580 18195492   54    0    57    44 9570 7806 13  4 83  0  0  0 2026-09-29 16:03:04
 3  0 8576376 1205064 286580 18195572    1    0     8    40 9114 7095 13  4 83  0  0  0 2026-09-29 16:03:14
 4  0 8576292 1242440 286580 18195576    9    0     9    23 9619 7710 13  4 83  0  0  0 2026-09-29 16:03:24
 4  0 8576272 1266008 286580 18195708    4    0    16    54 9749 7915 13  4 83  0  0  0 2026-09-29 16:03:34
 4  0 8576264 1250488 286580 18195684    2    0     2    34 9729 8077 13  4 83  0  0  0 2026-09-29 16:03:44
 3  0 8576256 1251020 286580 18195724    0    0     0    16 9589 7567 13  4 83  0  0  0 2026-09-29 16:03:54
 3  0 8576256 1240188 286580 18195728    0    0     0    29 9562 7700 13  4 83  0  0  0 2026-09-29 16:04:04
 3  0 8576244 1248588 286580 18195732    1    0     1    58 9178 7253 13  4 83  0  0  0 2026-09-29 16:04:14
 3  0 8576244 1233572 286580 18195736    0    0     0    34 9580 7245 13  4 83  0  0  0 2026-09-29 16:04:24
 3  0 8576236 1238112 286580 18195740    0    0     0    40 9259 7208 13  4 83  0  0  0 2026-09-29 16:04:34
 3  0 8576236 1210192 286580 18195740    0    0     3    10 9322 7339 13  4 83  0  0  0 2026-09-29 16:04:44
 4  0 8576144 1236048 290236 18268608    8    0  7620    67 10676 8231 14  5 81  0  0  0 2026-09-29 16:04:54
 3  0 8574664 1223564 290236 18268876  195    0   221    70 9555 7771 13  4 83  0  0  0 2026-09-29 16:05:04
 3  0 8574652 1198300 290236 18268880    1    0     1    17 9420 7577 13  4 83  0  0  0 2026-09-29 16:05:14
 4  0 8574636 1201180 290236 18268884    1    0     1    42 8960 7177 13  4 83  0  0  0 2026-09-29 16:05:24
 3  0 8571592 1177732 290240 18268896  295    0   295    95 9414 7329 13  4 83  0  0  0 2026-09-29 16:05:34
 3  0 8571544 1189408 290240 18269000    5    0    18    39 9366 7455 13  4 83  0  0  0 2026-09-29 16:05:44
 3  0 8571524 1181044 290240 18269652    2    0    64     9 9028 7091 13  4 83  0  0  0 2026-09-29 16:05:54
 3  0 8570732 1168496 290240 18274660  111    0   611    71 9852 7795 13  4 83  0  0  0 2026-09-29 16:06:04
procs -----------memory---------- ---swap-- -----io---- -system-- -------cpu------- -----timestamp-----
 r  b   swpd   free   buff  cache   si   so    bi    bo   in   cs us sy id wa st gu                 BST
 3  0 8570688 1145868 290240 18274664    6    0     6    15 9333 7329 13  4 83  0  0  0 2026-09-29 16:06:14
 3  0 8570680 1166276 290244 18274668    1    0     1    19 9405 7548 13  4 83  0  0  0 2026-09-29 16:06:24
 3  0 8570656 1210928 290244 18274672    2    0     2    73 9686 7768 13  4 82  0  0  0 2026-09-29 16:06:34
 4  0 8570656 1209428 290244 18274648    0    0     0    40 9240 7367 13  4 83  0  0  0 2026-09-29 16:06:44
 3  0 8570592 1205124 290248 18274680    7    0     7    14 8799 7054 13  4 83  0  0  0 2026-09-29 16:06:54
 4  0 8569680 1181564 290248 18274736   92    0    96    46 9467 7594 13  4 83  0  0  0 2026-09-29 16:07:04
 3  0 8569668 1230396 290248 18274868    1    0     1    34 9487 7482 13  4 83  0  0  0 2026-09-29 16:07:14
 3  0 8569644 1230564 290248 18274872    3    0     3    19 9318 7312 13  4 83  0  0  0 2026-09-29 16:07:24
 3  0 8569636 1215464 290248 18275208    0    0    32    45 9230 7156 13  4 83  0  0  0 2026-09-29 16:07:34
 3  0 8569608 1226756 290248 18275436    4    0    22    34 9310 7086 13  4 83  0  0  0 2026-09-29 16:07:44
 3  0 8569580 1222188 290248 18275600    2    0    14    24 9194 7174 13  4 83  0  0  0 2026-09-29 16:07:54
 4  0 8569560 1212472 290248 18275600    3    0     3    37 9317 7374 13  4 83  0  0  0 2026-09-29 16:08:04
 4  0 8569536 1213656 290248 18275608    2    0     2    35 9386 7348 13  4 83  0  0  0 2026-09-29 16:08:14
 3  0 8569528 1220776 290248 18275740    1    0    14    32 8773 6821 13  4 83  0  0  0 2026-09-29 16:08:24
 3  0 8569520 1208900 290248 18275744    1    0     1    42 9428 7601 13  4 83  0  0  0 2026-09-29 16:08:34
 4  0 8569512 1213040 290248 18275748    0    0     0    16 9444 7477 13  4 83  0  0  0 2026-09-29 16:08:44
 4  0 8569240 1223596 290248 18275752    2    0     2    29 9437 7422 13  4 83  0  0  0 2026-09-29 16:08:54
 4  0 8568928 1224388 290304 18275764   32    0    39    50 9171 7147 13  4 83  0  0  0 2026-09-29 16:09:04
 3  0 8568924 1221888 290304 18275768    0    0     0    17 9266 7225 13  4 83  0  0  0 2026-09-29 16:09:14
 3  0 8568892 1224716 290304 18275812    2    0     6    32 9347 7148 13  4 83  0  0  0 2026-09-29 16:09:24
 3  0 8568876 1238384 290304 18275812    1    0     1    52 10448 8650 13  4 83  0  0  0 2026-09-29 16:09:34
procs -----------memory---------- ---swap-- -----io---- -system-- -------cpu------- -----timestamp-----
 r  b   swpd   free   buff  cache   si   so    bi    bo   in   cs us sy id wa st gu                 BST
 5  0 8568852 1167936 290304 18275860    2    0     6    20 9988 8166 13  4 83  0  0  0 2026-09-29 16:09:44
 4  0 8568844 1195944 290308 18275992    1    0    14    37 9297 7102 13  4 83  0  0  0 2026-09-29 16:09:54
 3  0 8568816 1211416 290308 18275996    1    0     1    41 9048 7263 13  4 83  0  0  0 2026-09-29 16:10:04
 3  0 8568784 1222008 290308 18276228    3    0    25    20 9593 7578 13  4 83  0  0  0 2026-09-29 16:10:14
 4  0 8568776 1200852 290308 18276232    2    0     2    18 9405 6975 13  4 83  0  0  0 2026-09-29 16:10:24
 3  0 8568612 1176608 290308 18276240   16    0    16    61 9438 7420 13  4 83  0  0  0 2026-09-29 16:10:34
 3  0 8568568 1143664 290308 18276244    3    0     3    65 9499 7612 13  4 83  0  0  0 2026-09-29 16:10:44
 3  0 8567676 1214096 290308 18276376    3    0    16     8 9559 7646 13  4 83  0  0  0 2026-09-29 16:10:54
 3  0 8566492 1222008 290308 18276568  157    0   176    51 10005 7696 13  4 82  0  0  0 2026-09-29 16:11:04
 3  0 8566484 1206608 290308 18276572    0    0     0    18 9264 7427 13  4 83  0  0  0 2026-09-29 16:11:14
 5  0 8566468 1209384 290308 18276580    2    0     2    31 8955 6870 13  4 83  0  0  0 2026-09-29 16:11:24
 4  0 8566212 1166808 290308 18276980   30    0    69    65 10490 8434 13  4 82  0  0  0 2026-09-29 16:11:34
 3  0 8566188 1132260 290308 18277112    2    0    15    44 9976 7961 13  4 83  0  0  0 2026-09-29 16:11:44
 3  0 8566072 1184132 290308 18277152    5    0     8    33 9626 7646 13  4 83  0  0  0 2026-09-29 16:11:54
 3  0 8566052 1189324 290308 18277156    2    0     2    50 9184 7321 13  4 83  0  0  0 2026-09-29 16:12:04
 3  0 8566032 1181996 290308 18277164    1    0     1    19 9202 7177 13  4 83  0  0  0 2026-09-29 16:12:14
 3  0 8566020 1181124 290316 18277292    1    0    13    48 9598 7335 13  4 83  0  0  0 2026-09-29 16:12:24
 3  0 8565600 1185648 290316 18277740   44    0   138    41 9960 8120 13  4 83  0  0  0 2026-09-29 16:12:34
 3  0 8565428 1161888 290316 18278680   15    0    60    26 9848 8159 13  4 83  0  0  0 2026-09-29 16:12:44
 4  0 8554760 1107768 290348 18290872 1310    0  2523    47 9988 8041 13  4 83  0  0  0 2026-09-29 16:12:54
 3  0 8554240 1098776 290348 18290876   10    0    10    51 8336 6265 13  4 83  0  0  0 2026-09-29 16:13:04
procs -----------memory---------- ---swap-- -----io---- -system-- -------cpu------- -----timestamp-----
 r  b   swpd   free   buff  cache   si   so    bi    bo   in   cs us sy id wa st gu                 BST
 3  0 8554212 1081916 290348 18290884    3    0     3    36 9228 6732 13  4 83  0  0  0 2026-09-29 16:13:14
 3  0 8554196 1162740 290348 18291236    1    0    36    43 9631 7108 13  5 82  0  0  0 2026-09-29 16:13:24
 3  0 8554124 1160608 290348 18291244    6    0     6    42 9372 7557 13  4 83  0  0  0 2026-09-29 16:13:34
 3  0 8554052 1150980 290348 18291316    8    0    15    33 9113 7304 13  4 83  0  0  0 2026-09-29 16:13:44
 4  0 8545132 1088568 291072 18312864  361    0  2294    32 10300 8655 13  4 83  0  0  0 2026-09-29 16:13:54
 3  0 8545124 1074180 291072 18312872    0    0     0   102 9347 7327 13  4 83  0  0  0 2026-09-29 16:14:04
 3  0 8544992 1420472 286680 17966880   17    0    17    38 9664 7157 13  5 83  0  0  0 2026-09-29 16:14:14
 3  0 8544816 1402656 286684 17966880   17    0    17    26 9230 7179 13  4 83  0  0  0 2026-09-29 16:14:24
 4  0 8544720 1406424 286688 17967632    8    0   107    58 8631 6703 13  4 84  0  0  0 2026-09-29 16:14:34
 3  0 8544652 1400088 286688 17968264    6    0    28    32 8717 6543 13  4 83  0  0  0 2026-09-29 16:14:44
 3  0 8543564 1426832 286688 17968480  138    0   158    38 9183 6919 13  4 83  0  0  0 2026-09-29 16:14:54
 4  0 8543536 1468132 286688 17968740    2    0    28    26 9051 6935 13  4 83  0  0  0 2026-09-29 16:15:04
 3  0 8543500 1538672 286628 17964616    4    0     6    44 9114 7145 13  4 83  0  0  0 2026-09-29 16:15:14
 3  0 8543424 1569904 286628 17960616    6    0     8    67 9260 7053 13  4 83  0  0  0 2026-09-29 16:15:24
 3  0 8543392 1461736 286636 17961484    4    0    91    44 9019 6882 13  4 83  0  0  0 2026-09-29 16:15:34
 2  0 8543380 1424808 286636 17961492    2    0     2    37 9178 7025 13  4 83  0  0  0 2026-09-29 16:15:44
 3  0 8542896 1450848 286640 17961504   60    0    61    37 9195 6773 13  4 83  0  0  0 2026-09-29 16:15:54
 4  0 8542796 1455596 286640 17961636   10    0    23   114 8460 6384 13  4 83  0  0  0 2026-09-29 16:16:04
 4  0 8542724 1436616 286640 17961644    4    0     4    39 9065 7040 13  4 83  0  0  0 2026-09-29 16:16:14
 3  0 8542640 1426048 286640 17961776    4    0    17    21 9042 6953 13  4 83  0  0  0 2026-09-29 16:16:24
 4  0 8542632 1458016 286640 17961780    0    0     0    78 8970 6528 13  4 83  0  0  0 2026-09-29 16:16:34
procs -----------memory---------- ---swap-- -----io---- -system-- -------cpu------- -----timestamp-----
 r  b   swpd   free   buff  cache   si   so    bi    bo   in   cs us sy id wa st gu                 BST
 3  0 8542576 1434876 286640 17961784    3    0     3    18 8733 6485 13  4 83  0  0  0 2026-09-29 16:16:44
 3  0 8542128 1425888 286640 17961792   22    0    22    73 8657 6483 13  4 83  0  0  0 2026-09-29 16:16:54
 3  0 8542044 1393620 286656 17962280    4    0    50    44 9216 6812 13  4 83  0  0  0 2026-09-29 16:17:04
 3  0 8542028 1410460 286656 17962284    2    0     2    50 8972 6849 13  4 83  0  0  0 2026-09-29 16:17:14
 3  0 8541976 1458956 286656 17962292    3    0     3    20 8932 6884 13  4 83  0  0  0 2026-09-29 16:17:24
 6  0 8541916 1455660 286660 17962412    6    0    18    75 8657 6264 13  4 83  0  0  0 2026-09-29 16:17:34
 4  0 8541908 1452960 286660 17962416    0    0     0    19 8624 6526 13  4 83  0  0  0 2026-09-29 16:17:44
 3  0 8541884 1450660 286660 17962420    2    0     2    32 8817 6548 13  4 83  0  0  0 2026-09-29 16:17:54
 3  0 8541748 1440196 286660 17962544   18    0    30    27 8730 6512 13  4 83  0  0  0 2026-09-29 16:18:04
 3  0 8541736 1431624 286660 17962664    0    0    12    60 9156 6684 13  4 83  0  0  0 2026-09-29 16:18:14
 5  0 8541672 1453172 286660 17962668    4    0     4    32 9180 7007 13  4 83  0  0  0 2026-09-29 16:18:24
 4  0 8541652 1421304 286660 17962676    1    0     1    44 8970 6733 13  4 83  0  0  0 2026-09-29 16:18:34
 3  0 8541628 1423188 286660 17962736    2    0     8    33 9164 6690 13  4 83  0  0  0 2026-09-29 16:18:44
 3  2 8541380 1433408 286660 17962772   25    0    25    30 9047 6947 13  4 83  0  0  0 2026-09-29 16:18:54
 4  0 8541364 1427456 286660 17962848    1    0    11    38 8954 6765 13  4 83  0  0  0 2026-09-29 16:19:04
 3  0 8541348 1433320 286660 17962852    2    0     2    41 8854 6640 13  4 83  0  0  0 2026-09-29 16:19:14
 4  0 8541300 1467840 286660 17963092    9    0    33    35 9186 7080 13  4 83  0  0  0 2026-09-29 16:19:24
 3  0 8541276 1476872 286660 17963180    2    0    11    84 9173 7100 13  4 83  0  0  0 2026-09-29 16:19:34
 3  0 8541268 1487588 286660 17963312    1    0    14    21 9097 7185 13  4 83  0  0  0 2026-09-29 16:19:44
 3  0 8541192 1453476 286660 17963320    2    0     2    31 9255 6604 13  4 83  0  0  0 2026-09-29 16:19:54
 4  0 8540684 1423724 286660 17968900   69    0   627    52 8934 6598 13  4 83  0  0  0 2026-09-29 16:20:04
procs -----------memory---------- ---swap-- -----io---- -system-- -------cpu------- -----timestamp-----
 r  b   swpd   free   buff  cache   si   so    bi    bo   in   cs us sy id wa st gu                 BST
 7  0 8540536 2272916 288012 17173844   16    0 23731    90 11542 7957 14  5 80  0  0  0 2026-09-29 16:20:14
 4  0 8540516 2147352 288168 17176464    2    0   258    58 12152 9209 17  5 78  0  0  0 2026-09-29 16:20:24
 4  0 8540140 2111856 288312 17184412   40    0   828    90 16278 12291 14  7 79  0  0  0 2026-09-29 16:20:34
 4  0 8540116 2089536 288448 17184616    3    0    36    23 16223 13089 14  7 79  0  0  0 2026-09-29 16:20:44
 4  0 8539928 2144308 288448 17184756   15    0    29 12280 15735 10474 13  9 77  0  0  0 2026-09-29 16:20:54
 4  0 8539876 2122512 288448 17184984    6    0    28    77 16520 13653 14  7 79  0  0  0 2026-09-29 16:21:04
 3  0 8539652 2161312 289208 17188160   20    0   410    23 13171 10363 14  7 79  0  0  0 2026-09-29 16:21:14
 4  0 8539636 2216296 289208 17188164    2    0     2    49 8916 6799 13  4 83  0  0  0 2026-09-29 16:21:24
 3  0 8539532 2151032 291056 17238828   15    0  5260   271 10699 7705 14  5 81  0  0  0 2026-09-29 16:21:34
 3  0 8539512 2086784 291188 17239072    2    0    39    67 9348 6953 13  4 83  0  0  0 2026-09-29 16:21:44
 2  0 8539460 2140756 291188 17239132    5    0    11    68 8923 6725 13  4 83  0  0  0 2026-09-29 16:21:54
 3  0 8539428 2112204 291852 17239156    4    0    70    75 9236 6788 13  4 83  0  0  0 2026-09-29 16:22:04
 3  0 8538796 2123660 291856 17239496   91    0   124    43 8486 6591 13  4 83  0  0  0 2026-09-29 16:22:14
 3  0 8538736 2135284 291856 17240136    3    0    66    50 9288 7202 13  4 83  0  0  0 2026-09-29 16:22:24
 3  0 8538712 2135232 291856 17240140    2    0     2    63 9511 7035 13  4 83  0  0  0 2026-09-29 16:22:34
 3  0 8538664 2137784 291856 17240276    5    0    18    36 9149 7075 13  4 83  0  0  0 2026-09-29 16:22:44
 3  0 8538564 2130368 291856 17240324    6    0    10    32 9034 6993 13  4 83  0  0  0 2026-09-29 16:22:54
 3  0 8538540 2075280 291856 17240332    1    0     1    30 9026 6940 13  4 83  0  0  0 2026-09-29 16:23:04
 3  0 8538456 2086808 291856 17240392    2    0     8    52 9084 6572 13  4 83  0  0  0 2026-09-29 16:23:14
 3  0 8529572 2067812 291992 17252384 1001    0  2238    57 9175 6977 13  4 83  0  0  0 2026-09-29 16:23:24
 3  0 8520864 2029136 291992 17255456  959    0  1236    42 9139 6904 13  4 83  0  0  0 2026-09-29 16:23:34
procs -----------memory---------- ---swap-- -----io---- -system-- -------cpu------- -----timestamp-----
 r  b   swpd   free   buff  cache   si   so    bi    bo   in   cs us sy id wa st gu                 BST
 3  0 8520712 2068044 291992 17255460   19    0    19    24 8856 6243 13  4 83  0  0  0 2026-09-29 16:23:44
 3  0 8520588 2124784 291996 17255492    8    0    11    36 9234 6893 13  4 83  0  0  0 2026-09-29 16:23:54
 4  0 8511632 2108480 292136 17267100 1144    0  2316    63 9063 6784 13  4 83  0  0  0 2026-09-29 16:24:04
 3  0 8500120 2082128 292272 17274756 1295    0  2068    25 8836 5654 12  5 83  0  0  0 2026-09-29 16:24:14
 3  0 8499248 2056792 292272 17274952   92    0   110    21 7498 4431 12  5 84  0  0  0 2026-09-29 16:24:24
 2  0 8499068 2021104 292276 17275032    3    0    10   105 7507 4429 12  4 84  0  0  0 2026-09-29 16:24:34
 3  0 8498904 2032852 292276 17275048   14    0    14    24 7372 4516 11  5 84  0  0  0 2026-09-29 16:24:44
 4  0 8498472 2021544 292276 17275088   45    0    47    32 7754 4519 11  5 84  0  0  0 2026-09-29 16:24:54
 3  0 8493828 2037368 292276 17275652  524    0   579    64 7818 5006 11  5 84  0  0  0 2026-09-29 16:25:04
 4  0 8493612 2030924 292276 17279392   20    0   390    70 7672 4985 12  4 84  0  0  0 2026-09-29 16:25:14
 0  0 8493584 2043916 292276 17281936    1    0   150    78 7784 4936 11  5 85  0  0  0 2026-09-29 16:25:24
 0  0 8493556 2012236 292276 17281944    1    0     1   102 3938 3943  1  0 99  0  0  0 2026-09-29 16:25:34
 0  0 8493468 2046060 292276 17282032    8    0    16    25 3859 4095  1  0 99  0  0  0 2026-09-29 16:25:44
 0  0 8493176 2035428 292280 17282048   26    0    27   144 3886 4023  1  1 99  0  0  0 2026-09-29 16:25:54
 0  0 8493144 2053104 292280 17282048    2    0     2    54 4013 4183  1  0 99  0  0  0 2026-09-29 16:26:04
 0  0 8493128 2090284 292280 17282052    1    0     1    37 3827 3965  1  0 99  0  0  0 2026-09-29 16:26:14
 0  0 8492072 2081772 292280 17282148  110    0   119    47 3885 3969  0  0 99  0  0  0 2026-09-29 16:26:24
 0  0 8492044 2041300 292280 17282152    1    0     1    45 3874 3929  1  1 99  0  0  0 2026-09-29 16:26:34
 0  0 8492004 2058116 292280 17282152    1    0     1    20 3882 4118  1  0 99  0  0  0 2026-09-29 16:26:44
 0  0 8491764 2085812 292280 17282156   19    0    19    85 3961 4195  1  0 99  0  0  0 2026-09-29 16:26:54
 1  0 8491760 2074304 292280 17282256    0    0    10    41 3625 3961  1  1 99  0  0  0 2026-09-29 16:27:04
procs -----------memory---------- ---swap-- -----io---- -system-- -------cpu------- -----timestamp-----
 r  b   swpd   free   buff  cache   si   so    bi    bo   in   cs us sy id wa st gu                 BST
 0  0 8491752 2081096 292284 17282256    1    0     1    17 3273 3662  0  0 99  0  0  0 2026-09-29 16:27:14
 0  0 8491596 2087208 292284 17282376   13    0    25    22 3859 3973  1  0 99  0  0  0 2026-09-29 16:27:24
 0  0 8491588 2070592 292284 17282380    1    0     1    86 3862 3960  1  1 99  0  0  0 2026-09-29 16:27:34
 0  0 8491580 2076808 292284 17282480    0    0    10    20 4143 4236  1  0 99  0  0  0 2026-09-29 16:27:44
 0  0 8491580 2073484 292284 17282484    0    0     0    20 3824 4000  1  0 99  0  0  0 2026-09-29 16:27:54
 0  0 8491552 2054172 292412 17282488    3    0    16    54 4054 4202  1  1 99  0  0  0 2026-09-29 16:28:04
 0  0 8491548 2035716 292412 17282496    0    0     0    38 3762 3901  1  0 99  0  0  0 2026-09-29 16:28:14
 0  0 8490740 2057428 292412 17282636    7    0    20    22 3801 3874  1  0 99  0  0  0 2026-09-29 16:28:24
 0  0 8490620 2034104 292412 17282876   12    0    22    62 3785 3909  0  0 99  0  0  0 2026-09-29 16:28:34
 1  0 8490588 2033956 292416 17282876    3    0     3    64 3942 4064  1  1 99  0  0  0 2026-09-29 16:28:44
 0  0 8490408 2034712 292420 17283008   16    0    29     8 3798 3984  1  0 99  0  0  0 2026-09-29 16:28:54
 0  0 8490336 2045484 292424 17283012    1    0     1    40 3828 4102  1  0 99  0  0  0 2026-09-29 16:29:04
 0  0 8490328 2080404 292424 17283012    1    0     1    50 3369 3665  1  1 99  0  0  0 2026-09-29 16:29:14
 1  0 8490312 2063132 292424 17283016    2    0     2    37 3804 3930  1  0 99  0  0  0 2026-09-29 16:29:24
 0  0 8490280 2053828 292424 17283020    2    0     2    50 3797 3948  1  0 99  0  0  0 2026-09-29 16:29:34
 0  0 8490264 2047316 292424 17283080    1    0     6    36 3848 4062  1  1 99  0  0  0 2026-09-29 16:29:44
 1  0 8490244 2064900 292424 17283080    0    0     0    24 3958 4128  1  0 99  0  0  0 2026-09-29 16:29:54
 0  0 8490220 2027184 292560 17283344    2    0    42    64 4153 4168  1  0 99  0  0  0 2026-09-29 16:30:04
 1  0 8490188 2042520 292564 17283684    0    0    28    22 3914 3950  1  0 99  0  0  0 2026-09-29 16:30:14
 0  0 8490168 2047600 292564 17283816    0    0     6    80 3880 3910  1  1 99  0  0  0 2026-09-29 16:30:24
 1  0 8490116 2039548 292708 17284616    1    0    95    64 3819 3889  1  0 99  0  0  0 2026-09-29 16:30:34
procs -----------memory---------- ---swap-- -----io---- -system-- -------cpu------- -----timestamp-----
 r  b   swpd   free   buff  cache   si   so    bi    bo   in   cs us sy id wa st gu                 BST
 0  0 8490064 2054136 292708 17284624    6    0     6    15 3868 4147  1  0 99  0  0  0 2026-09-29 16:30:44
 1  0 8489628 2061496 292708 17284628   12    0    12    75 4082 4179  1  1 99  0  0  0 2026-09-29 16:30:54
 1  0 8489628 2070572 292708 17284752    0    0     4    31 3642 4005  1  0 99  0  0  0 2026-09-29 16:31:04
 0  0 8489620 2085460 292708 17284752    0    0     0    41 3535 3753  1  0 99  0  0  0 2026-09-29 16:31:14
 1  0 8489612 2067124 292708 17284756    1    0     1    32 3727 3914  1  1 99  0  0  0 2026-09-29 16:31:24
 0  0 8489600 2082524 292708 17284800    1    0     5    59 3752 3951  1  0 99  0  0  0 2026-09-29 16:31:34
 1  0 8489588 2052816 292708 17284804    0    0     0    15 3889 3973  1  0 99  0  0  0 2026-09-29 16:31:44
 0  0 8489572 2064236 292716 17285004    2    0    20    63 3923 4084  1  1 99  0  0  0 2026-09-29 16:31:54
 0  0 8489548 2069972 292716 17285008    2    0     2    60 3729 3925  1  0 99  0  0  0 2026-09-29 16:32:04
 0  0 8489544 2044472 292716 17285012    0    0     0    18 3753 3920  1  0 99  0  0  0 2026-09-29 16:32:14
 1  0 8489532 2053960 292720 17285020    1    0     1    45 3820 3880  1  0 99  0  0  0 2026-09-29 16:32:24
 0  0 8489456 2056000 292720 17285016    7    0     7    43 3709 3960  1  1 99  0  0  0 2026-09-29 16:32:34
 0  0 8489320 2052876 292720 17285028   15    0    15    44 3846 3942  1  0 99  0  0  0 2026-09-29 16:32:44
 1  0 8488988 2045412 292720 17285036   18    0    18    22 3728 3816  1  0 99  0  0  0 2026-09-29 16:32:54
 1  0 8488960 2064980 292720 17285032    3    0    16    48 3169 3647  1  0 99  0  0  0 2026-09-29 16:33:04
 0  0 8488956 2048228 292720 17285288    0    0    13    30 3841 4050  1  0 99  0  0  0 2026-09-29 16:33:14
 1  0 8488944 2076072 292720 17285292    0    0     0    32 3853 3991  1  1 99  0  0  0 2026-09-29 16:33:24
 0  0 8488944 2078544 292720 17285540    0    0    24    46 3885 4221  1  1 99  0  0  0 2026-09-29 16:33:34
 0  0 8488944 2065376 292720 17285540    0    0     0    46 3927 4082  1  0 99  0  0  0 2026-09-29 16:33:44
 1  0 8488940 2068120 292720 17285676    0    0    13    27 4139 4200  1  0 99  0  0  0 2026-09-29 16:33:54
 0  0 8488940 2021220 292720 17285680    0    0     0    37 3816 3938  1  0 99  0  0  0 2026-09-29 16:34:04
procs -----------memory---------- ---swap-- -----io---- -system-- -------cpu------- -----timestamp-----
 r  b   swpd   free   buff  cache   si   so    bi    bo   in   cs us sy id wa st gu                 BST
 0  0 8488936 2004292 292720 17285684    0    0     0    34 3794 3981  1  0 99  0  0  0 2026-09-29 16:34:14
 0  0 8488916 2044840 292720 17285684    1    0     1    28 3879 3984  1  0 99  0  0  0 2026-09-29 16:34:24
 2  0 8488900 2013028 292724 17285720    1    0    11    74 3901 4140  1  0 99  0  0  0 2026-09-29 16:34:34
 4  0 8474520 2028016 295216 17291820  344    0  1321    29 4421 4322  2  1 98  0  0  0 2026-09-29 16:34:44
 3  0 8474368 1995952 295216 17293308    9    0     9    27 8517 5956 12  4 84  0  0  0 2026-09-29 16:34:54
 3  0 8474368 2029116 295216 17293356    0    0     4    58 8524 6546 13  4 83  0  0  0 2026-09-29 16:35:04
 3  0 8474356 2032536 295216 17293364    1    0     1   118 9152 7100 13  4 83  0  0  0 2026-09-29 16:35:14
 4  0 8474352 2023812 295216 17293368    0    0     0    33 8876 6750 13  4 83  0  0  0 2026-09-29 16:35:24
 4  0 8474352 2001508 295216 17293376    0    0     0    56 8884 6792 13  4 83  0  0  0 2026-09-29 16:35:34
 3  0 8474340 1994320 295216 17293388    3    0     3    16 8865 6577 13  4 84  0  0  0 2026-09-29 16:35:44
 4  0 8474332 1986616 295216 17293396    1    0     1    26 8856 6514 13  4 83  0  0  0 2026-09-29 16:35:54
 3  0 8474332 2000796 295220 17293404    0    0     0    35 9171 7007 13  4 83  0  0  0 2026-09-29 16:36:04
 4  0 8474308 1968252 295220 17293480    2    0     8    32 9227 7178 13  4 83  0  0  0 2026-09-29 16:36:14
 0  0 8474284 1952988 295220 17293684    2    0     8    41 7155 5664  8  3 89  0  0  0 2026-09-29 16:36:24
 0  0 8474240 2035368 295380 17295596    5    0   209    59 4094 4209  1  0 99  0  0  0 2026-09-29 16:36:34
 0  0 8474148 2037312 295656 17295704   10    0    45    13 3340 3574  1  0 99  0  0  0 2026-09-29 16:36:44
 0  0 8474044 2002408 295660 17296000    3    0    32    94 3906 3908  1  0 99  0  0  0 2026-09-29 16:36:54
