procs -----------memory---------- ---swap-- -----io---- -system-- -------cpu-------
 r  b   swpd   free   buff  cache   si   so    bi    bo   in   cs us sy id wa st gu
 4  0 4279936 119184996 1180788 2892256  466 1782 37346  2840 7388    4  4  2 94  0  0  0
 2  0 4279260 117913228 1187620 3462272  153    0 42946  5616 9163 6426  5  1 93  1  0  0
 1  1 4279148 116761452 1189332 4043148   16    0 22985 28928 6845 4913  6  1 92  1  0  0
 4  0 4278992 116473096 1189472 4049316   14    0   438 12834 5978 4115  6  1 93  0  0  0
 3  0 4278984 116069104 1189480 4049368    3    0     3   107 5740 3295  7  1 92  0  0  0
 1  0 4278976 116170448 1189480 4049412    0    0     0    19 5239 3702  7  1 93  0  0  0
 1  0 4278952 116214704 1189500 4056608    9    0   723 12202 5085 3146  7  1 93  0  0  0
 3  0 4278868 114234684 1189616 5037528   12    0   751 91051 38541 14364  9  4 87  0  0  0
 2  0 4278856 113276052 1189656 6193020    2    0     6 116641 28117 8327  6  2 91  0  0  0
 3  0 4278800 110301792 1189668 6193908    8    0    94    58 5711 3029  9  2 89  0  0  0
 1  0 4278736 112872000 1189668 6194044    7    0    16   258 5434 3066  7  2 91  0  0  0
 4  0 4278720 112886184 1189676 6194156    2    0    11    48 8723 3958  7  1 92  0  0  0
 1  0 4278676 113533240 1189688 6382960    3    0     8 18455 7491 3563  6  1 93  0  0  0
 2  0 4278600 113267668 1189704 6383024   16    0    18    70 5204 3380  6  1 92  0  0  0
 1  0 4278536 114062436 1189860 6385000   21    0   260   587 5809 4042  5  1 93  0  0  0
 1  0 4278508 113554480 1189864 6385520    6    0    18    53 4596 2871  6  1 94  0  0  0
 3  0 4278508 113118804 1189872 6385528    1    0     1    17 4087 2638  6  0 94  0  0  0
 1  0 4278440 113210932 1189876 6385584    6    0    12   126 4791 3225  6  1 93  0  0  0
 2  0 4278436 112184184 1189888 6385648    0    0     0 12175 5296 3133  8  2 91  0  0  0
 1  0 4278428 114460996 1190020 6261448    4    0   161   635 6642 4771  8  2 90  0  0  0
 9  0 4278412 112357168 1191540 6789540    7    0 40194    78 9188 6600 22  1 76  0  0  0
procs -----------memory---------- ---swap-- -----io---- -system-- -------cpu-------
 r  b   swpd   free   buff  cache   si   so    bi    bo   in   cs us sy id wa st gu
 2  0 4278372 113501972 1203728 6705252   11    0  2692 12878 12647 12019 26  1 72  0  0  0
 9  0 4278372 111187832 1211948 7314644    0    0 48131    34 12620 15548 20  2 77  1  0  0
 2  0 4278360 111104328 1211952 7315064    2    0    39    45 12976 20168 18  1 80  0  0  0
 3  0 4278304 111181896 1211964 7315136    3    0     6   106 12730 19989 18  1 81  0  0  0
 5  0 4278092 111342516 1211976 7315180   40    0    40   120 11076 13642 21  1 78  0  0  0
 3  0 4278072 111470684 1211980 7315188    5    0     5 12118 9894 10801 22  1 77  0  0  0
 2  0 4278056 111446492 1211996 7315208    2    0     2    34 11459 13155 22  1 77  0  0  0
21  0 4278052 111341456 1212008 7315276    4    0     5    52 9870 5667 28  1 71  0  0  0
 2  0 4278052 111372116 1212012 7315572    0    0    20    45 12210 11319 27  1 71  0  0  0
 3  0 4278052 110992680 1212012 7315572    0    0     0    30 10917 8900 27  1 72  0  0  0
 2  0 4278048 110659424 1212024 7315524    2    0     3    44 9322 6240 24  1 75  0  0  0
 2  0 4278044 111726752 1212032 7317460    2    0     2    77 10520 9225 24  1 75  0  0  0
 1  0 4278008 111823164 1212044 7317472    5    0     6    31 4559 2710  6  1 94  0  0  0
 1  0 4277972 114421140 1212196 7160204    8    0  3294   828 5659 3999  6  1 93  0  0  0
 1  0 4277956 112453992 1212364 7272084    4    0  6286    93 4164 2938  5  1 94  0  0  0
 2  0 4277956 112633632 1212372 7272140    0    0     0    20 4060 2719  5  1 94  0  0  0
 1  0 4277796 114054168 1215804 7606772   36    0 38677   627 5814 4761  4  1 94  1  0  0
 1  0 4277724 112857384 1216996 8057764   28    0 28245   628 6201 5125  5  1 93  1  0  0
 1  0 4277696 112454400 1217128 8064732    5    0   396 12823 5990 4148  6  1 93  0  0  0
 1  0 4277676 112054392 1217140 8065132    2    0    23    61 5154 3224  7  1 92  0  0  0
 1  0 4277672 111918616 1217152 8065188   10    0    11    40 4942 3106  7  1 92  0  0  0
procs -----------memory---------- ---swap-- -----io---- -system-- -------cpu-------
 r  b   swpd   free   buff  cache   si   so    bi    bo   in   cs us sy id wa st gu
 2  0 4277672 112083004 1217168 8065212    0    0     0   155 4669 3016  6  1 93  0  0  0
 1  0 4277664 112093756 1217172 8065308    2    0     8 12172 4611 3009  6  1 93  0  0  0
 1  0 4277652 111468612 1217176 8065640    1    0    32    19 4769 2707  7  1 92  0  0  0
 1  0 4277628 111448324 1217180 8065648    1    0     2    29 4399 2595  6  1 94  0  0  0
 1  0 4277616 111381532 1217184 8065672    0    0     0    68 4785 2840  7  1 92  0  0  0
 1  0 4277612 111529508 1217192 8065660    0    0     4    34 4246 2719  6  0 93  0  0  0
 3  0 4277608 111545000 1217204 8065660    0    0     0    33 4664 2954  6  1 93  0  0  0
 1  0 4277488 112147000 1217212 8065776   29    0    38    76 4535 2903  7  1 93  0  0  0
 1  0 4277468 112710700 1217368 8068292    8    0   146   792 5651 3810  6  1 92  0  0  0
 1  0 4277468 112067852 1217388 8068984    0    0     0   234 4759 2822  6  1 93  0  0  0
 1  0 4277264 111891988 1217404 8068984   23    0    23   279 4543 2871  7  1 93  0  0  0
 2  0 4277208 111042280 1218112 8451228    6    0 16601   354 5022 3213  7  1 92  0  0  0
 2  0 4277200 110437652 1223096 9061172    2    0    11 13804 5822 3196 10  1 88  0  0  0
 0  1 4277048 113029928 1223620 8887368   19    0   112 80650 5116 3398  6  1 93  0  0  0
 2  0 4277024 110730652 1225092 9500492    7    0 43842   357 5419 4110  5  1 93  0  0  0
 2  0 4277016 111389244 1225568 9388744    4    0  1221 12833 5336 4014  5  1 94  0  0  0
 1  0 4277008 110098648 1230876 10006456    1    0 47612    20 5162 4242  4  1 94  1  0  0
 1  0 4276984 109798576 1230888 10006596   12    0    12    98 4590 2936  6  1 93  0  0  0
 1  0 4276984 109660936 1230904 10006688    0    0     0    74 4499 2683  6  1 94  0  0  0
 2  0 4276888 109697308 1230936 10006768   16    0    16    65 4586 2914  6  1 93  0  0  0
 1  0 4276820 109686532 1230952 10006672   14    0    14 12147 4550 2964  6  1 93  0  0  0
procs -----------memory---------- ---swap-- -----io---- -system-- -------cpu-------
 r  b   swpd   free   buff  cache   si   so    bi    bo   in   cs us sy id wa st gu
 2  0 4276820 109600932 1230976 10006680    0    0     0    64 4713 2997  6  1 93  0  0  0
 2  0 4276804 109601988 1231000 10006652    4    0     4    22 4674 2980  6  1 93  0  0  0
 2  0 4276800 109547864 1231032 10006704    0    0     0    78 4687 2978  6  1 93  0  0  0
 2  0 4276792 109571196 1231048 10006744    2    0     4    48 4590 2850  6  1 93  0  0  0
 2  0 4274024 109379860 1231068 10006748  309    0   318    69 4020 2462  6  0 94  0  0  0
 1  0 4273992 109460572 1231076 10007328    1    0    58    41 4577 2866  6  1 93  0  0  0
 1  0 4273976 109443568 1231084 10007352    8    0     8    64 4657 2786  6  1 94  0  0  0
 2  0 4273972 109834500 1231900 9906176    2    0  4436   670 6011 4182  7  1 92  0  0  0
 1  0 4273968 109720872 1232048 9907444    0    0    38    92 7622 4073  9  2 90  0  0  0
 2  0 4273968 109501340 1232056 9907776    1    0    32    47 5288 2943  8  1 90  0  0  0
 1  0 4273736 109708672 1232080 9908076   69    0    85   225 7566 4063  7  2 91  0  0  0
 1  0 4273724 109840188 1232084 9908220    1    0     6   103 4488 2906  5  1 94  0  0  0
 1  0 4273712 111691740 1232252 9861116    1    0   180   607 5324 3948  5  1 94  0  0  0
 2  0 4273696 109077304 1232256 11152928    4    0    88    24 5709 4938  3  2 95  0  0  0
 2  0 4273692 109045644 1232268 11152968    2    0     2    30 6067 4231  7  2 91  0  0  0
 1  0 4273692 109092432 1232276 11152968    0    0     0   138 5268 3698  7  2 91  0  0  0
 1  0 4273684 109079648 1232284 11153036    0    0     7    46 6245 4516  8  1 91  0  0  0
 2  0 4273664 108939548 1232284 11153036    3    0     3    21 6080 4468  8  1 91  0  0  0
 1  0 4273664 108826412 1232296 11153248    0    0    14    50 7211 5505 11  1 88  0  0  0
 2  0 4273644 108845244 1232300 11153356    8    0    21    64 5892 3856 10  1 90  0  0  0
 2  0 4273632 108191096 1232308 11277420    1    0     1    62 6269 4048  9  2 89  0  0  0
procs -----------memory---------- ---swap-- -----io---- -system-- -------cpu-------
 r  b   swpd   free   buff  cache   si   so    bi    bo   in   cs us sy id wa st gu
 1  1 4273632 111735028 1232440 9862276    3    0    90 12752 6759 5107  6  2 92  0  0  0
21  0 4273260 108788352 1232492 11155212   52    0    58   101 9591 5859  9  3 88  0  0  0
 1  0 4273224 108954456 1232500 11155156    4    0     4    88 6627 5053  8  2 90  0  0  0
 2  0 4273216 108993676 1232504 11155152    0    0     0    40 6134 4542  7  2 91  0  0  0
 1  0 4273208 109023252 1232516 11155264    2    0     2    82 6103 4766  8  1 91  0  0  0
 3  0 4273208 108907552 1232520 11155300    0    0     0    67 6067 4517  8  1 90  0  0  0
 2  0 4273192 108925152 1232528 11155204   22    0    22    29 6107 4340  9  1 90  0  0  0
 3  0 4273180 108908324 1232540 11155208    1    0     1    30 5802 3871 10  1 90  0  0  0
 2  0 4273172 108344916 1232544 11279404    4    0    19    60 7885 7322  8  3 89  0  0  0
 2  0 4273172 111276624 1232712 9866016    2    0    93 12738 7727 5593  8  2 90  0  0  0
 2  0 4273156 108756660 1232728 11156732    0    0     0    96 10242 7272  8  4 88  0  0  0
 2  0 4273148 108914880 1232736 11156760    1    0     1    16 5830 4187  7  2 91  0  0  0
 1  0 4273140 109033232 1232752 11156764    0    0     0   170 6148 4666  7  2 91  0  0  0
 2  0 4272728 109004612 1232768 11159152   56    0   214    74 6191 5259  8  1 91  0  0  0
 3  0 4269948 108889664 1232772 11166352 1595    0  2313    55 6697 5946  9  1 90  0  0  0
 1  0 4269940 108880600 1232776 11166360    7    0     8    29 5743 4475  9  1 90  0  0  0
 1  0 4269928 108909396 1232780 11166328    4    0     4   133 5604 4041 10  1 89  0  0  0
 0  0 4269916 108345064 1232784 11290376    1    0     1   115 6148 4486  8  3 89  0  0  0
 1  0 4269880 110371180 1232924 10399736    4    0     9 12727 5957 4826  4  1 95  0  0  0
 2  0 4269872 109025976 1232928 11166120    1    0     1    69 6360 4625  6  3 91  0  0  0
 2  0 4269848 109047420 1232940 11166120    8    0     8    14 6216 4660  7  2 91  0  0  0
procs -----------memory---------- ---swap-- -----io---- -system-- -------cpu-------
 r  b   swpd   free   buff  cache   si   so    bi    bo   in   cs us sy id wa st gu
 2  0 4269840 109031048 1232952 11166124    2    0     2    89 6340 4829  7  2 91  0  0  0
 0  0 4269828 108912808 1232964 11166096    2    0     2    26 5957 4992  8  1 91  0  0  0
 2  0 4269824 108910292 1232972 11166128    0    0     0    28 4619 3431  9  1 91  0  0  0
 2  0 4269824 108877836 1232980 11166128    0    0     0    29 5392 3600 10  1 90  0  0  0
 5  0 4269712 108372560 1232984 11290168   26    0    26    44 5838 4349  9  2 90  0  0  0
 0  0 4269404 112117328 1233068 9873404   15    0    74 12546 7799 7459  6  2 92  0  0  0
 0  0 4269388 111505216 1233296 9918868    2    0    51   774 7504 5985  4  2 93  0  0  0
 1  0 4269364 111573220 1233440 9876900   21    0    71   574 6573 5356  4  2 94  0  0  0
 1  0 4267880 109004288 1233452 11178564  376    0  1526    24 5975 5025  4  2 94  0  0  0
 1  0 4267860 108963808 1233452 11178704    6    0    20    77 5905 4124  7  2 91  0  0  0
 1  0 4267840 109025080 1233460 11178704    6    0     6    84 6020 4259  7  2 91  0  0  0
 2  0 4267836 109048688 1233468 11178612    1    0     1    34 5851 4117  8  1 91  0  0  0
 2  0 4267832 108929064 1233480 11178616    0    0     0    27 5675 4424  9  1 91  0  0  0
 2  0 4267828 108940572 1233488 11178616    0    0     0    40 6363 4827  9  1 90  0  0  0
 2  0 4267828 108906468 1233496 11178752    2    0    15    16 5649 3831 10  1 90  0  0  0
 3  0 4267828 108381528 1233500 11302764    0    0     0    63 5918 3848  8  2 89  0  0  0
 2  0 4267636 111694544 1233680 9888536   38    0    52 12708 6002 4743  5  1 93  0  0  0
 2  0 4267636 109092388 1233688 11179444    0    0     0    55 6187 4670  5  3 92  0  0  0
 1  0 4267632 109065276 1233704 11179448    0    0     0    26 6054 4271  7  2 91  0  0  0
 2  0 4267632 109062292 1233712 11179448    0    0     0    81 5679 4133  7  2 91  0  0  0
 2  0 4267616 109053744 1233720 11179492    2    0     6    52 6252 4727  8  1 91  0  0  0
procs -----------memory---------- ---swap-- -----io---- -system-- -------cpu-------
 r  b   swpd   free   buff  cache   si   so    bi    bo   in   cs us sy id wa st gu
 3  0 4267596 108890780 1233740 11179480    7    0     7    52 6045 4584  9  1 90  0  0  0
 2  0 4267596 108877820 1233748 11179604    0    0    11    27 5394 3657  9  1 90  0  0  0
 2  0 4267572 108883136 1233752 11179912    7    0    37    54 5579 3685 10  1 90  0  0  0
 1  0 4267572 109395972 1233764 10474672    0    0     1    66 8224 7949  7  3 90  0  0  0
 2  0 4267564 109718812 1233892 11044240    2    0    22 12682 6233 4883  4  2 94  0  0  0
 2  0 4267564 109002564 1233900 11180336    1    0     1    20 5923 4291  7  2 91  0  0  0
 1  0 4267560 109023092 1233904 11180240    0    0     0    84 5860 4054  7  2 91  0  0  0
 1  0 4267456 108970764 1234152 11216208  139    0  3748   299 6656 4846  8  2 90  0  0  0
 2  0 4267420 108848500 1234156 11216212   16    0    16    25 5823 4105  8  1 91  0  0  0
 3  0 4267364 108853900 1234216 11216260    6    0    10   160 5841 4116  9  1 90  0  0  0
 4  0 4267280 108819292 1234228 11218744   13    0   261    65 7432 6241 10  1 89  0  0  0
 2  0 4267224 108325884 1234240 11342972    2    0    23    20 6781 5360  9  1 90  0  0  0
21  0 4267216 111830268 1234396 9926696    1    0    44 12726 7836 6614  6  2 92  0  0  0
 1  0 4267156 109020376 1234404 11219256    4    0     4    92 7353 6267  6  2 92  0  0  0
 1  0 4267096 108965036 1234412 11219308    6    0     8    16 6240 4841  7  2 91  0  0  0
 2  0 4266976 108969316 1234420 11219316   11    0    11    26 5786 4364  7  2 91  0  0  0
 4  0 4266856 108984680 1234428 11218964   14    0    14   105 5934 4410  8  1 91  0  0  0
 2  0 4266812 108825692 1234432 11219004    4    0     8    39 6304 4596  8  1 90  0  0  0
 3  0 4266784 108851004 1234444 11219004    8    0     8    28 6157 4080  9  1 90  0  0  0
 1  0 4266384 108815320 1234460 11219008   53    0    53    48 5844 3625 10  1 90  0  0  0
 3  0 4266360 108314036 1234464 11343024    4    0     4    62 7315 6773  8  2 90  0  0  0
procs -----------memory---------- ---swap-- -----io---- -system-- -------cpu-------
 r  b   swpd   free   buff  cache   si   so    bi    bo   in   cs us sy id wa st gu
 2  0 4266324 108956016 1234632 11218384    4    0    90 12698 6974 5910  4  2 93  0  0  0
 0  0 4266276 112045432 1234788 9927800   22    0    86   744 7643 6534  3  2 95  0  0  0
 0  0 4266256 112049564 1234800 9927936    2    0    14    58 2835 2399  0  0 99  0  0  0
 1  0 4266184 109927600 1234928 9978856    9    0    29   516 5336 4008  5  1 94  0  0  0
 2  0 4266176 109756204 1234936 9979680    1    0     1    35 4409 2859  5  1 94  0  0  0
 2  0 4266168 109790212 1234936 9979700    5    0     5    15 4488 2872  5  1 94  0  0  0
 1  0 4266148 109812888 1234956 9979736    3    0     3   180 4335 2935  6  1 94  0  0  0
 1  0 4266140 109782152 1234968 9979760    0    0     0    31 4481 3068  5  1 94  0  0  0
 0  0 4266120 112070984 1234988 9928972    0    0    55   171 3934 2965  3  1 96  0  0  0
 0  0 4266092 112082916 1235016 9928976   10    0    10    78 2793 2338  0  0 99  0  0  0
